 2.000000000000000 0.000019941243313 
 2.006666666666667 0.000017391437069 
 2.013333333333334 0.000015068475657 
 2.020000000000000 0.000012961808154 
 2.026666666666667 0.000011060883637 
 2.033333333333334 0.000009355151184 
 2.040000000000001 0.000007834059873 
 2.046666666666668 0.000006487058781 
 2.053333333333335 0.000005303596987 
 2.060000000000001 0.000004273123567 
 2.066666666666668 0.000003385087599 
 2.073333333333335 0.000002628938162 
 2.080000000000002 0.000001994124331 
 2.086666666666669 0.000001470095186 
 2.093333333333335 0.000001046299803 
 2.100000000000002 0.000000712187261 
 2.106666666666669 0.000000457206637 
 2.113333333333336 0.000000270807008 
 2.120000000000003 0.000000142437452 
 2.126666666666670 0.000000061547047 
 2.133333333333336 0.000000017584871 
 2.140000000000003 -0.000000000000000 
 2.146666666666670 -0.000000001758487 
 2.153333333333337 0.000000001758487 
 2.160000000000004 -0.000000000000000 
 2.166666666666671 -0.000000007033948 
 2.173333333333337 0.000000017584871 
 2.180000000000004 -0.000000000000000 
 2.186666666666671 -0.000000096716789 
 2.193333333333338 0.000000281466739 
 2.200000000000005 0.000001000000000 
 2.206666666666671 0.000001504850760 
 2.213333333333338 0.000002922949476 
 2.220000000000005 0.000007000000000 
 2.226666666666672 0.000016164627433 
 2.233333333333339 0.000035047233328 
 2.240000000000006 0.000074000000000 
 2.246666666666672 0.000152096229601 
 2.253333333333339 0.000303738317115 
 2.260000000000006 0.000593000000000 
 2.266666666666673 0.001127404809196 
 2.273333333333340 0.002088992909987 
 2.280000000000006 0.003776000000002 
 2.286666666666673 0.006643719247292 
 2.293333333333340 0.011395643904173 
 2.300000000000007 0.019055000000010 
 2.306666666666674 0.031027923912119 
 2.313333333333341 0.049233466192813 
 2.320000000000007 0.076087000000036 
 2.326666666666674 0.114464141448143 
 2.333333333333341 0.167590586498655 
 2.340000000000008 0.238613000000097 
 2.346666666666675 0.330193982287242 
 2.353333333333341 0.443624115157910 
 2.360000000000008 0.577904000000182 
 2.366666666666675 0.729021277238452 
 2.373333333333342 0.888558544228754 
 2.380000000000009 1.043646000000196 
 2.386666666666676 1.177141639789326 
 2.393333333333342 1.268317578116080 
 2.400000000000009 1.295875999999984 
 2.406666666666676 1.240431902032218 
 2.413333333333343 1.089496067913631 
 2.420000000000010 0.841455999999569 
 2.426666666666677 0.508033210885513 
 2.433333333333343 0.118079594900472 
 2.440000000000010 -0.285858000000603 
 2.446666666666677 -0.650947616294832 
 2.453333333333344 -0.921685850410306 
 2.460000000000011 -1.051495000000075 
 2.466666666666677 -1.010387505673123 
 2.473333333333344 -0.797804648788590 
 2.480000000000011 -0.443744999999322 
 2.486666666666678 -0.007274537205531 
 2.493333333333345 0.429570730326719 
 2.500000000000012 0.781138000000487 
 2.506666666666678 0.971379725526286 
 2.513333333333345 0.956678058538489 
 2.520000000000012 0.735334999999435 
 2.526666666666679 0.350127509385986 
 2.533333333333346 -0.113253021896115 
 2.540000000000012 -0.550876000000723 
 2.546666666666679 -0.858000520037246 
 2.553333333333346 -0.959932587294245 
 2.560000000000013 -0.829584999999532 
 2.566666666666680 -0.493878123235064 
 2.573333333333347 -0.036377348371731 
 2.580000000000013 0.430876000000859 
 2.586666666666680 0.787686128068347 
 2.593333333333347 0.942185154521018 
 2.600000000000014 0.853621999999568 
 2.606666666666681 0.541011508776841 
 2.613333333333347 0.087724252405629 
 2.620000000000014 -0.389454000000947 
 2.626666666666681 -0.762640486662261 
 2.633333333333348 -0.932835213420285 
 2.640000000000015 -0.854800999999556 
 2.646666666666682 -0.546299914632363 
 2.653333333333348 -0.092499425473233 
 2.660000000000015 0.387025000001011 
 2.666666666666682 0.761738904018882 
 2.673333333333349 0.931617627149875 
 2.680000000000016 0.851826999999524 
 2.686666666666683 0.541520274591132 
 2.693333333333349 0.087096131495793 
 2.700000000000016 -0.391607000001068 
 2.706666666666683 -0.764900689359342 
 2.713333333333350 -0.934345304710867 
 2.720000000000017 -0.856213999999504 
 2.726666666666683 -0.549649221908443 
 2.733333333333350 -0.099151582631409 
 2.740000000000017 0.378355000001130 
 2.746666666666684 0.756240767812437 
 2.753333333333351 0.937390333039137 
 2.760000000000018 0.876597999999514 
 2.766666666666684 0.588553378679390 
 2.773333333333351 0.150899319251134 
 2.780000000000018 -0.326024000001240 
 2.786666666666685 -0.720086984805546 
 2.793333333333352 -0.933557752394273 
 2.800000000000018 -0.915260999999614 
 2.806666666666685 -0.669197943722642 
 2.813333333333352 -0.259894408322721 
 2.820000000000019 0.213409000001334 
 2.826666666666686 0.634968476379120 
 2.833333333333353 0.904637702524851 
 2.840000000000019 0.960647999999824 
 2.846666666666686 0.789604057460401 
 2.853333333333353 0.435620614034343 
 2.860000000000020 -0.019313000001409 
 2.866666666666687 -0.469900560811488 
 2.873333333333354 -0.814250698619494 
 2.880000000000020 -0.977481000000172 
 2.886666666666687 -0.923373501396748 
 2.893333333333354 -0.668001987289024 
 2.900000000000021 -0.267881999998608 
 2.906666666666688 0.189911207917064 
 2.913333333333354 0.607331728410589 
 2.920000000000021 0.898788000000655 
 2.926666666666688 1.003923264068090 
 2.933333333333355 0.905030777614150 
 2.940000000000022 0.624097999998841 
 2.946666666666689 0.218520859406312 
 2.953333333333355 -0.229535434396403 
 2.960000000000022 -0.633926000001181 
 2.966666666666689 -0.916861084212091 
 2.973333333333356 -1.027545785070176 
 2.980000000000023 -0.947884999999415 
 2.986666666666689 -0.693988890218225 
 2.993333333333356 -0.315369149178035 
 3.000000000000023 0.119751000001514 
 3.006666666666690 0.533926806327318 
 3.013333333333357 0.856138103965873 
 3.020000000000024 1.033570000000328 
 3.026666666666690 1.037618956560607 
 3.033333333333357 0.871403160243665 
 3.040000000000024 0.564099999998698 
 3.046666666666691 0.166575585525189 
 3.053333333333358 -0.256896564246603 
 3.060000000000024 -0.641347000001261 
 3.066666666666691 -0.928515314743126 
 3.073333333333358 -1.077894615231522 
 3.080000000000025 -1.070137999999674 
 3.086666666666692 -0.908350584510613 
 3.093333333333359 -0.618886789731890 
 3.100000000000025 -0.243638999998478 
 3.106666666666692 0.164866020471903 
 3.113333333333359 0.551468596005108 
 3.120000000000026 0.866508000001023 
 3.126666666666693 1.070405834059760 
 3.133333333333360 1.140283096748252 
 3.140000000000026 1.070181999999458 
 3.146666666666693 0.870873693394703 
 3.153333333333360 0.569061721433417 
 3.160000000000027 0.201387999998456 
 3.166666666666694 -0.189176941335475 
 3.173333333333360 -0.558934367033083 
 3.180000000000027 -0.868665000001090 
 3.186666666666694 -1.086584612811860 
 3.193333333333361 -1.192667822841403 
 3.200000000000028 -1.178803999999696 
 3.206666666666695 -1.048807267651552 
 3.213333333333361 -0.818322412003372 
 3.220000000000028 -0.511170999998591 
 3.226666666666695 -0.157228541727158 
 3.233333333333362 0.210747869594313 
 3.240000000000029 0.560727000001410 
 3.246666666666695 0.863471572340384 
 3.253333333333362 1.095606586303979 
 3.260000000000029 1.240615000000430 
 3.266666666666696 1.289435369292593 
 3.273333333333363 1.241412338650914 
 3.280000000000030 1.102806999999196 
 3.286666666666696 0.885999745904090 
 3.293333333333363 0.608420710369765 
 3.300000000000030 0.290299999998500 
 3.306666666666697 -0.046580963658294 
 3.313333333333364 -0.380669874938652 
 3.320000000000030 -0.692081000001351 
 3.326666666666697 -0.963430940804666 
 3.333333333333364 -1.181108366899774 
 3.340000000000031 -1.335384000000561 
 3.346666666666698 -1.420536429815146 
 3.353333333333365 -1.435157854240086 
 3.360000000000031 -1.381348999999591 
 3.366666666666698 -1.264334261789728 
 3.373333333333365 -1.092028407277534 
 3.380000000000032 -0.874041999998862 
 3.386666666666699 -0.621161309323732 
 3.393333333333366 -0.344661847657031 
 3.400000000000032 -0.055644999998582 
 3.406666666666699 0.235335709019467 
 3.413333333333366 0.518823021543673 
 3.420000000000033 0.786641000001270 
 3.426666666666700 1.032028828171634 
 3.433333333333366 1.249892630733395 
 3.440000000000033 1.436636000000851 
 3.446666666666700 1.590104811295388 
 3.453333333333367 1.709580771674655 
 3.460000000000034 1.795467000000352 
 3.466666666666701 1.849146381807436 
 3.473333333333367 1.872838357890823 
 3.480000000000034 1.869310999999917 
 3.486666666666701 1.841739830302773 
 3.493333333333368 1.793538349907523 
 3.500000000000035 1.728179999999622 
 3.506666666666701 1.649103427619084 
 3.513333333333368 1.559582726003379 
 3.520000000000035 1.462661999999475 
 3.526666666666702 1.361114267481011 
 3.533333333333369 1.257372665997696 
 3.540000000000036 1.153542999999450 
 3.546666666666702 1.051401909714335 
 3.553333333333369 0.952377746119273 
 3.560000000000036 0.857600999999502 
 3.566666666666703 0.767923024081802 
 3.573333333333370 0.683926038937722 
 3.580000000000036 0.605979999999591 
 3.586666666666703 0.534266538547712 
 3.593333333333370 0.468799724940097 
 3.600000000000037 0.409471999999689 
 3.606666666666704 0.356074922998104 
 3.613333333333371 0.308320591709249 
 3.620000000000037 0.265870999999777 
 3.626666666666704 0.228352124169855 
 3.633333333333371 0.195370373807220 
 3.640000000000038 0.166526999999848 
 3.646666666666705 0.141425963530370 
 3.653333333333372 0.119685123075394 
 3.660000000000038 0.100939999999901 
 3.666666666666705 0.084846809701358 
 3.673333333333372 0.071088645545969 
 3.680000000000039 0.059373999999938 
 3.686666666666706 0.049436964882245 
 3.693333333333372 0.041039507161636 
 3.700000000000039 0.033968999999962 
 3.706666666666706 0.028036809761811 
 3.713333333333373 0.023076380643398 
 3.720000000000040 0.018941999999978 
 3.726666666666707 0.015507482894596 
 3.733333333333373 0.012663118142542 
 3.740000000000040 0.010313999999987 
 3.746666666666707 0.008379321133125 
 3.753333333333374 0.006791495574593 
 3.760000000000041 0.005491999999993 
 3.766666666666707 0.004430494450760 
 3.773333333333374 0.003566042124089 
 3.780000000000041 0.002863999999996 
 3.786666666666708 0.002295082659064 
 3.793333333333375 0.001835501570119 
 3.800000000000042 0.001464999999998 
 3.806666666666708 0.001166477590984 
 3.813333333333375 0.000926720598350 
 3.820000000000042 0.000734999999999 
 3.826666666666709 0.000582307318436 
 3.833333333333376 0.000460438658650 
 3.840000000000042 0.000362999999999 
 3.846666666666709 0.000285454496754 
 3.853333333333376 0.000224198400533 
 3.860000000000043 0.000176000000000 
 3.866666666666710 0.000137944525016 
 3.873333333333377 0.000107783393262 
 3.880000000000043 0.000084000000000 
 3.886666666666710 0.000065583668289 
 3.893333333333377 0.000051287623661 
 3.900000000000044 0.000040000000000 
 3.906666666666711 0.000030893497704 
 3.913333333333378 0.000023502597245 
 3.920000000000044 0.000018000000000 
 3.926666666666711 0.000014554929200 
 3.933333333333378 0.000011230219256 
 3.940000000000045 0.000008000000000 
 3.946666666666712 0.000006505140725 
 3.953333333333378 0.000005350101967 
 3.960000000000045 0.000004000000000 
 3.966666666666712 0.000003257781696 
 3.973333333333379 0.000002708245322 
 3.980000000000046 0.000002000000000 
 3.986666666666713 0.000001251951166 
 3.993333333333379 0.000000898665877 
