 2.000000000000000 -0.000018079121009 
 2.006666666666667 -0.000016029847610 
 2.013333333333334 -0.000014141408802 
 2.020000000000000 -0.000012407239908 
 2.026666666666667 -0.000010820776252 
 2.033333333333334 -0.000009375453155 
 2.040000000000001 -0.000008064705941 
 2.046666666666668 -0.000006881969932 
 2.053333333333335 -0.000005820680451 
 2.060000000000001 -0.000004874272821 
 2.066666666666668 -0.000004036182365 
 2.073333333333335 -0.000003299844406 
 2.080000000000002 -0.000002658694266 
 2.086666666666669 -0.000002106167268 
 2.093333333333335 -0.000001635698736 
 2.100000000000002 -0.000001240723991 
 2.106666666666669 -0.000000914678357 
 2.113333333333336 -0.000000650997156 
 2.120000000000003 -0.000000443115711 
 2.126666666666670 -0.000000284469345 
 2.133333333333336 -0.000000168493381 
 2.140000000000003 -0.000000088623142 
 2.146666666666670 -0.000000038293950 
 2.153333333333337 -0.000000010941129 
 2.160000000000004 0.000000000000000 
 2.166666666666671 0.000000001094113 
 2.173333333333337 -0.000000001094113 
 2.180000000000004 0.000000000000000 
 2.186666666666671 0.000000004376451 
 2.193333333333338 -0.000000010941129 
 2.200000000000005 0.000000000000000 
 2.206666666666671 0.000000060176208 
 2.213333333333338 -0.000000189118726 
 2.220000000000005 -0.000001000000000 
 2.226666666666672 -0.000002606353989 
 2.233333333333339 -0.000006007091399 
 2.240000000000006 -0.000013000000000 
 2.246666666666672 -0.000027030613529 
 2.253333333333339 -0.000055947197895 
 2.260000000000006 -0.000114000000000 
 2.266666666666673 -0.000225637050229 
 2.273333333333340 -0.000436068493950 
 2.280000000000006 -0.000823000000001 
 2.286666666666673 -0.001511591793386 
 2.293333333333340 -0.002711789495176 
 2.300000000000007 -0.004755000000003 
 2.306666666666674 -0.008132907316426 
 2.313333333333341 -0.013587021475539 
 2.320000000000007 -0.022170000000012 
 2.326666666666674 -0.035300925451344 
 2.333333333333341 -0.054880548199329 
 2.340000000000008 -0.083272000000040 
 2.346666666666675 -0.123266678631832 
 2.353333333333341 -0.177985245907367 
 2.360000000000008 -0.250514000000104 
 2.366666666666675 -0.343561908727012 
 2.373333333333342 -0.458708709317725 
 2.380000000000009 -0.595627000000196 
 2.386666666666676 -0.751452895396634 
 2.393333333333342 -0.919546536390669 
 2.400000000000009 -1.089286000000232 
 2.406666666666676 -1.246034997193535 
 2.413333333333343 -1.371288466815380 
 2.420000000000010 -1.444810000000060 
 2.426666666666677 -1.446419917162029 
 2.433333333333343 -1.359638702726356 
 2.440000000000010 -1.175342999999641 
 2.446666666666677 -0.894274843075365 
 2.453333333333344 -0.531390926911524 
 2.460000000000011 -0.115197999999313 
 2.466666666666677 0.313361373359966 
 2.473333333333344 0.703926170401625 
 2.480000000000011 1.005187000000400 
 2.486666666666678 1.170984292328389 
 2.493333333333345 1.171389090304520 
 2.500000000000012 0.999029999999558 
 2.506666666666678 0.672239830346501 
 2.513333333333345 0.238668982752361 
 2.520000000000012 -0.234226000000838 
 2.526666666666679 -0.666740852653389 
 2.533333333333346 -0.981676924352904 
 2.540000000000012 -1.120249000000068 
 2.546666666666679 -1.051345508225108 
 2.553333333333346 -0.785128627390710 
 2.560000000000013 -0.368500999999097 
 2.566666666666680 0.120290959719722 
 2.573333333333347 0.584473400133101 
 2.580000000000013 0.931665000000521 
 2.586666666666680 1.088045536880581 
 2.593333333333347 1.020633340353754 
 2.600000000000014 0.741180999999236 
 2.606666666666681 0.305296852903361 
 2.613333333333347 -0.194338227768189 
 2.620000000000014 -0.653156000000858 
 2.626666666666681 -0.971130077701046 
 2.633333333333348 -1.079995380945741 
 2.640000000000015 -0.955749999999479 
 2.646666666666682 -0.622887755526167 
 2.653333333333348 -0.155356179546390 
 2.660000000000015 0.346593000001089 
 2.666666666666682 0.772470574396040 
 2.673333333333349 1.029634608021419 
 2.680000000000016 1.062798999999798 
 2.686666666666683 0.862913834096514 
 2.693333333333349 0.475976284433952 
 2.700000000000016 -0.014770000001216 
 2.706666666666683 -0.502324859997917 
 2.713333333333350 -0.881135070375611 
 2.720000000000017 -1.071187000000190 
 2.726666666666683 -1.030478022200455 
 2.733333333333350 -0.770727640052869 
 2.740000000000017 -0.347329999998793 
 2.746666666666684 0.149766845482516 
 2.753333333333351 0.615069924438060 
 2.760000000000018 0.953164000000659 
 2.766666666666684 1.093179970049285 
 2.773333333333351 1.009372434022689 
 2.780000000000018 0.720195999998976 
 2.786666666666685 0.284812068539602 
 2.793333333333352 -0.207073737002178 
 2.800000000000018 -0.658655000001117 
 2.806666666666685 -0.980276454921571 
 2.813333333333352 -1.111516344627584 
 2.820000000000019 -1.029206999999465 
 2.826666666666686 -0.749910918914098 
 2.833333333333353 -0.329888976672017 
 2.840000000000019 0.152078000001414 
 2.846666666666686 0.606025108628849 
 2.853333333333353 0.949838634164186 
 2.860000000000020 1.123750000000227 
 2.866666666666687 1.097648624886911 
 2.873333333333354 0.880044262367528 
 2.880000000000020 0.510482999998697 
 2.886666666666687 0.053626343496549 
 2.893333333333354 -0.412054886932440 
 2.900000000000021 -0.810282000001067 
 2.906666666666688 -1.076201075175095 
 2.913333333333354 -1.169975346070134 
 2.920000000000021 -1.079490999999426 
 2.926666666666688 -0.820837840384558 
 2.933333333333355 -0.437214958049467 
 2.940000000000022 0.012375000001501 
 2.946666666666689 0.460248754221829 
 2.953333333333355 0.841553674100120 
 2.960000000000022 1.103666000000629 
 2.966666666666689 1.211268288360758 
 2.973333333333356 1.153288543585133 
 2.980000000000023 0.940466999999044 
 2.986666666666689 0.603379356901704 
 2.993333333333356 0.188576195357190 
 3.000000000000023 -0.250423000001497 
 3.006666666666690 -0.658481106534698 
 3.013333333333357 -0.987026845602107 
 3.020000000000024 -1.199125000000511 
 3.026666666666690 -1.272195440962889 
 3.033333333333357 -1.201724515255536 
 3.040000000000024 -0.998663999999057 
 3.046666666666691 -0.687736141019836 
 3.053333333333358 -0.304618738352282 
 3.060000000000024 0.109965000001524 
 3.066666666666691 0.513675392594484 
 3.073333333333358 0.867681956082231 
 3.080000000000025 1.140040000000831 
 3.086666666666692 1.307586822509510 
 3.093333333333359 1.358698604969833 
 3.100000000000025 1.292263999999533 
 3.106666666666692 1.117093196607477 
 3.113333333333359 0.851066365347716 
 3.120000000000026 0.517835999998618 
 3.126666666666693 0.144977041117276 
 3.133333333333360 -0.238673267864676 
 3.140000000000026 -0.605594000001375 
 3.146666666666693 -0.931040472798538 
 3.153333333333360 -1.195186819138072 
 3.160000000000027 -1.383597000000588 
 3.166666666666694 -1.487538956578288 
 3.173333333333360 -1.504543940797672 
 3.180000000000027 -1.437254999999564 
 3.186666666666694 -1.292848437813052 
 3.193333333333361 -1.082326870549230 
 3.200000000000028 -0.818992999998824 
 3.206666666666695 -0.517640654295198 
 3.213333333333361 -0.193467728385362 
 3.220000000000028 0.138891000001392 
 3.226666666666695 0.465904240626894 
 3.233333333333362 0.775929043507359 
 3.240000000000029 1.059383000001140 
 3.246666666666695 1.308877948980923 
 3.253333333333362 1.519486448583905 
 3.260000000000029 1.688382000000649 
 3.266666666666696 1.814687896945818 
 3.273333333333363 1.899352162583205 
 3.280000000000030 1.944644000000119 
 3.286666666666696 1.953911682329078 
 3.293333333333363 1.931303605355422 
 3.300000000000030 1.881383999999719 
 3.306666666666697 1.808936618624786 
 3.313333333333364 1.718712460543022 
 3.320000000000030 1.615249999999501 
 3.326666666666697 1.502774237681820 
 3.333333333333364 1.385047805215357 
 3.340000000000031 1.265357999999442 
 3.346666666666698 1.146497449667954 
 3.353333333333365 1.030713145812035 
 3.360000000000031 0.919782999999489 
 3.366666666666698 0.815042835453988 
 3.373333333333365 0.717396495418840 
 3.380000000000032 0.627410999999587 
 3.386666666666699 0.545357320767732 
 3.393333333333366 0.471246975242278 
 3.400000000000032 0.404906999999696 
 3.406666666666699 0.346014766409871 
 3.413333333333366 0.294135898717834 
 3.420000000000033 0.248768999999792 
 3.426666666666700 0.209368297862562 
 3.433333333333366 0.175372495699115 
 3.440000000000033 0.146222999999866 
 3.446666666666700 0.121374737001473 
 3.453333333333367 0.100313337367918 
 3.460000000000034 0.082558999999918 
 3.466666666666701 0.067669353492751 
 3.473333333333367 0.055245227452886 
 3.480000000000034 0.044927999999952 
 3.486666666666701 0.036399211897853 
 3.493333333333368 0.029381921047232 
 3.500000000000035 0.023632999999973 
 3.506666666666701 0.018941390855435 
 3.513333333333368 0.015129963505035 
 3.520000000000035 0.012045999999985 
 3.526666666666702 0.009558778597019 
 3.533333333333369 0.007561271727172 
 3.540000000000036 0.005962999999992 
 3.546666666666702 0.004687879873332 
 3.553333333333369 0.003674507342148 
 3.560000000000036 0.002871999999996 
 3.566666666666703 0.002238354444510 
 3.573333333333370 0.001739423655551 
 3.580000000000036 0.001347999999998 
 3.586666666666703 0.001042526794285 
 3.593333333333370 0.000804016428189 
 3.600000000000037 0.000617999999999 
 3.606666666666704 0.000474131786603 
 3.613333333333371 0.000362917450221 
 3.620000000000037 0.000277000000000 
 3.626666666666704 0.000211058958904 
 3.633333333333371 0.000160124171205 
 3.640000000000038 0.000121000000000 
 3.646666666666705 0.000091841786201 
 3.653333333333372 0.000069450576285 
 3.660000000000038 0.000052000000000 
 3.666666666666705 0.000039133455314 
 3.673333333333372 0.000029480193077 
 3.680000000000039 0.000022000000000 
 3.686666666666706 0.000016285847457 
 3.693333333333372 0.000012049904565 
 3.700000000000039 0.000009000000000 
 3.706666666666706 0.000006831372053 
 3.713333333333373 0.000005292544910 
 3.720000000000040 0.000004000000000 
 3.726666666666707 0.000002612620547 
 3.733333333333373 0.000001527205650 
 3.740000000000040 0.000001000000000 
 3.746666666666707 0.000000930500794 
 3.753333333333374 0.000001088334194 
 3.760000000000041 0.000001000000000 
 3.766666666666707 0.000000303279460 
 3.773333333333374 -0.000000105341754 
 3.780000000000041 0.000000000000000 
 3.786666666666708 0.000000019115346 
 3.793333333333375 -0.000000007563198 
 3.800000000000042 0.000000000000000 
 3.806666666666708 0.000000001372420 
 3.813333333333375 -0.000000000543013 
 3.820000000000042 0.000000000000000 
 3.826666666666709 0.000000000098535 
 3.833333333333376 -0.000000000038987 
 3.840000000000042 0.000000000000000 
 3.846666666666709 0.000000000007075 
 3.853333333333376 -0.000000000002799 
 3.860000000000043 0.000000000000000 
 3.866666666666710 0.000000000000508 
 3.873333333333377 -0.000000000000201 
 3.880000000000043 0.000000000000000 
 3.886666666666710 0.000000000000038 
 3.893333333333377 -0.000000000000017 
 3.900000000000044 0.000000000000000 
 3.906666666666711 0.000000000000031 
 3.913333333333378 0.000000000000062 
 3.920000000000044 0.000000000000093 
 3.926666666666711 0.000000000000124 
 3.933333333333378 0.000000000000156 
 3.940000000000045 0.000000000000187 
 3.946666666666712 0.000000000000219 
 3.953333333333378 0.000000000000251 
 3.960000000000045 0.000000000000283 
 3.966666666666712 0.000000000000315 
 3.973333333333379 0.000000000000348 
 3.980000000000046 0.000000000000380 
 3.986666666666713 0.000000000000413 
 3.993333333333379 0.000000000000446 
