 2.000000000000000 -0.000016128650129 
 2.006666666666667 -0.000014066344778 
 2.013333333333334 -0.000012187513488 
 2.020000000000000 -0.000010483622584 
 2.026666666666667 -0.000008946138387 
 2.033333333333334 -0.000007566527221 
 2.040000000000001 -0.000006336255408 
 2.046666666666668 -0.000005246789270 
 2.053333333333335 -0.000004289595131 
 2.060000000000001 -0.000003456139313 
 2.066666666666668 -0.000002737888139 
 2.073333333333335 -0.000002126307931 
 2.080000000000002 -0.000001612865013 
 2.086666666666669 -0.000001189025706 
 2.093333333333335 -0.000000846256334 
 2.100000000000002 -0.000000576023219 
 2.106666666666669 -0.000000369792684 
 2.113333333333336 -0.000000219031051 
 2.120000000000003 -0.000000115204644 
 2.126666666666670 -0.000000049779784 
 2.133333333333336 -0.000000014222796 
 2.140000000000003 0.000000000000000 
 2.146666666666670 0.000000001422280 
 2.153333333333337 -0.000000001422280 
 2.160000000000004 0.000000000000000 
 2.166666666666671 0.000000005689118 
 2.173333333333337 -0.000000014222796 
 2.180000000000004 0.000000000000000 
 2.186666666666671 0.000000078225375 
 2.193333333333338 -0.000000234733895 
 2.200000000000005 -0.000001000000000 
 2.206666666666671 -0.000002058682011 
 2.213333333333338 -0.000004457236918 
 2.220000000000005 -0.000010000000000 
 2.226666666666672 -0.000021788662414 
 2.233333333333339 -0.000046573990364 
 2.240000000000006 -0.000098000000000 
 2.246666666666672 -0.000200427036227 
 2.253333333333339 -0.000398504554109 
 2.260000000000006 -0.000773000000000 
 2.266666666666673 -0.001457930585505 
 2.273333333333340 -0.002680934211602 
 2.280000000000006 -0.004808000000003 
 2.286666666666673 -0.008390156716397 
 2.293333333333340 -0.014270129963859 
 2.300000000000007 -0.023651000000012 
 2.306666666666674 -0.038157004184748 
 2.313333333333341 -0.059957737134193 
 2.320000000000007 -0.091709000000043 
 2.326666666666674 -0.136474087055056 
 2.333333333333341 -0.197517301025644 
 2.340000000000008 -0.277767000000109 
 2.346666666666675 -0.379320955326110 
 2.353333333333341 -0.502380143890547 
 2.360000000000008 -0.644316000000190 
 2.366666666666675 -0.798969917138501 
 2.373333333333342 -0.955358268995568 
 2.380000000000009 -1.098063000000173 
 2.386666666666676 -1.207798106832590 
 2.393333333333342 -1.262903992415223 
 2.400000000000009 -1.243023999999911 
 2.406666666666676 -1.132000837775371 
 2.413333333333343 -0.923502365557760 
 2.420000000000010 -0.624324999999504 
 2.426666666666677 -0.256132436840042 
 2.433333333333343 0.142405615342769 
 2.440000000000010 0.521484000000537 
 2.446666666666677 0.825231388674053 
 2.453333333333344 1.002170461830256 
 2.460000000000011 1.016852999999883 
 2.466666666666677 0.856945952345683 
 2.473333333333344 0.544109553982392 
 2.480000000000011 0.129888999999266 
 2.486666666666678 -0.309451500273897 
 2.493333333333345 -0.685509113476023 
 2.500000000000012 -0.919322000000243 
 2.506666666666678 -0.954906030244712 
 2.513333333333345 -0.780748475972734 
 2.520000000000012 -0.430806999999253 
 2.526666666666679 0.019007150920387 
 2.533333333333346 0.463245523925202 
 2.540000000000012 0.796939000000459 
 2.546666666666679 0.934627291266422 
 2.553333333333346 0.840848403507608 
 2.560000000000013 0.535818999999247 
 2.566666666666680 0.093289074956984 
 2.573333333333347 -0.372135504442828 
 2.580000000000013 -0.741391000000566 
 2.586666666666680 -0.913898686300001 
 2.593333333333347 -0.844035169398662 
 2.600000000000014 -0.548498999999201 
 2.606666666666681 -0.104004535007243 
 2.613333333333347 0.367521762485740 
 2.620000000000014 0.739904000000603 
 2.626666666666681 0.907987159147352 
 2.633333333333348 0.826873140482034 
 2.640000000000015 0.517837999999123 
 2.646666666666682 0.064455096402044 
 2.653333333333348 -0.405674980916199 
 2.660000000000015 -0.764420000000597 
 2.666666666666682 -0.909158920614556 
 2.673333333333349 -0.801916576998613 
 2.680000000000016 -0.472003999999033 
 2.686666666666683 -0.010032503523654 
 2.693333333333349 0.453714754779992 
 2.700000000000016 0.793128000000575 
 2.706666666666683 0.911758834230119 
 2.713333333333350 0.779865143904248 
 2.720000000000017 0.433693999998953 
 2.726666666666683 -0.032178409847079 
 2.733333333333350 -0.488394888260033 
 2.740000000000017 -0.813152000000566 
 2.746666666666684 -0.916288423924038 
 2.753333333333351 -0.773446690641238 
 2.760000000000018 -0.423351999998867 
 2.766666666666684 0.040409734169168 
 2.773333333333351 0.492706034088005 
 2.780000000000018 0.816482000000616 
 2.786666666666685 0.925142109681934 
 2.793333333333352 0.794065316006277 
 2.800000000000018 0.458009999998846 
 2.806666666666685 0.003727875452256 
 2.813333333333352 -0.450822980361047 
 2.820000000000019 -0.792757000000722 
 2.826666666666686 -0.934964112591128 
 2.833333333333353 -0.845697929933566 
 2.840000000000019 -0.548357999998887 
 2.846666666666686 -0.116317970245308 
 2.853333333333353 0.343206257579251 
 2.860000000000020 0.721579000000911 
 2.866666666666687 0.927769936545390 
 2.873333333333354 0.916517758247527 
 2.880000000000020 0.692357999999030 
 2.886666666666687 0.307823378172723 
 2.893333333333354 -0.146206679145706 
 2.900000000000021 -0.568191000001164 
 2.906666666666688 -0.862888419886720 
 2.913333333333354 -0.967732821823687 
 2.920000000000021 -0.862141999999340 
 2.926666666666688 -0.569807404725932 
 2.933333333333355 -0.156792752311965 
 2.940000000000022 0.289869000001407 
 2.946666666666689 0.676098161115180 
 2.953333333333355 0.923765289436612 
 2.960000000000022 0.984936999999869 
 2.966666666666689 0.848189845508991 
 2.973333333333356 0.544613545158245 
 2.980000000000023 0.134634999998516 
 2.986666666666689 -0.301427509164302 
 2.993333333333356 -0.680312360908104 
 3.000000000000023 -0.932786000000592 
 3.006666666666690 -1.012725751567680 
 3.013333333333357 -0.909243412671559 
 3.020000000000024 -0.643112999998825 
 3.026666666666690 -0.263065975746722 
 3.033333333333357 0.162414583497240 
 3.040000000000024 0.560706000001297 
 3.046666666666691 0.864313868871468 
 3.053333333333358 1.024940433464370 
 3.060000000000024 1.018763999999666 
 3.066666666666691 0.848474325120888 
 3.073333333333358 0.544582596111188 
 3.080000000000025 0.155877999998467 
 3.086666666666692 -0.256803983833663 
 3.093333333333359 -0.630981717519760 
 3.100000000000025 -0.912608000000836 
 3.106666666666692 -1.061644765438692 
 3.113333333333359 -1.059900419148750 
 3.120000000000026 -0.910169999999159 
 3.126666666666693 -0.635135473044998 
 3.133333333333360 -0.274747372788922 
 3.140000000000026 0.122253000001562 
 3.146666666666693 0.503462994643879 
 3.153333333333360 0.820806385269091 
 3.160000000000027 1.036228000000618 
 3.166666666666694 1.124793398040802 
 3.173333333333360 1.078989877653148 
 3.180000000000027 0.906764999999069 
 3.186666666666694 0.630147614963308 
 3.193333333333361 0.282809975954952 
 3.200000000000028 -0.095870000001570 
 3.206666666666695 -0.464309158907906 
 3.213333333333361 -0.784040473523328 
 3.220000000000028 -1.023446000000800 
 3.226666666666695 -1.159860617432950 
 3.233333333333362 -1.182635308969917 
 3.240000000000029 -1.092174999999385 
 3.246666666666695 -0.899342337000918 
 3.253333333333362 -0.624524037242624 
 3.260000000000029 -0.293998999998468 
 3.266666666666696 0.062151047555159 
 3.273333333333363 0.413136787556059 
 3.280000000000030 0.730359000001301 
 3.286666666666696 0.989077521271624 
 3.293333333333363 1.170906692638125 
 3.300000000000030 1.264211000000212 
 3.306666666666697 1.264375213197960 
 3.313333333333364 1.174296724184716 
 3.320000000000030 1.002785999999044 
 3.326666666666697 0.763712167206169 
 3.333333333333364 0.474854297807448 
 3.340000000000031 0.155901999998475 
 3.346666666666698 -0.172656242666536 
 3.353333333333365 -0.491124295603360 
 3.360000000000031 -0.781739000001283 
 3.366666666666698 -1.029344934888992 
 3.373333333333365 -1.222441139940246 
 3.380000000000032 -1.353153000000469 
 3.386666666666699 -1.417281030951493 
 3.393333333333366 -1.414494515402392 
 3.400000000000032 -1.347559999999527 
 3.406666666666699 -1.221971165096818 
 3.413333333333366 -1.045527964584352 
 3.420000000000033 -0.827449999998839 
 3.426666666666700 -0.577913021153914 
 3.433333333333366 -0.307436618420229 
 3.440000000000033 -0.026309999998586 
 3.446666666666700 0.255732794852039 
 3.453333333333367 0.529992047424979 
 3.460000000000034 0.788954000001261 
 3.466666666666701 1.026404889806079 
 3.473333333333367 1.237651615686850 
 3.480000000000034 1.419365000000852 
 3.486666666666701 1.569529403159946 
 3.493333333333368 1.687438646252854 
 3.500000000000035 1.773414000000366 
 3.506666666666701 1.828678087758215 
 3.513333333333368 1.855229431846847 
 3.520000000000035 1.855582999999938 
 3.526666666666702 1.832643973600751 
 3.533333333333369 1.789558029231926 
 3.540000000000036 1.729544999999641 
 3.546666666666702 1.655811505617553 
 3.553333333333369 1.571433569996186 
 3.560000000000036 1.479292999999487 
 3.566666666666703 1.382037030976187 
 3.573333333333370 1.282010432202036 
 3.580000000000036 1.181263999999451 
 3.586666666666703 1.081550446574163 
 3.593333333333370 0.984301925283459 
 3.600000000000037 0.890673999999494 
 3.606666666666704 0.801560443290903 
 3.613333333333371 0.717597151402421 
 3.620000000000037 0.639216999999578 
 3.626666666666704 0.566670611356152 
 3.633333333333371 0.500039009170732 
 3.640000000000038 0.439281999999672 
 3.646666666666705 0.384257523107348 
 3.653333333333372 0.334735976992155 
 3.660000000000038 0.290431999999761 
 3.666666666666705 0.251018749187326 
 3.673333333333372 0.216142261315236 
 3.680000000000039 0.185436999999833 
 3.686666666666706 0.158533965517773 
 3.693333333333372 0.135071459201185 
 3.700000000000039 0.114699999999889 
 3.706666666666706 0.097086175470641 
 3.713333333333373 0.081920167502882 
 3.720000000000040 0.068912999999929 
 3.726666666666707 0.057797602183450 
 3.733333333333373 0.048334959914226 
 3.740000000000040 0.040307999999956 
 3.746666666666707 0.033520773616896 
 3.753333333333374 0.027802012037637 
 3.760000000000041 0.022998999999973 
 3.766666666666707 0.018976339564647 
 3.773333333333374 0.015618134538994 
 3.780000000000041 0.012822999999984 
 3.786666666666708 0.010502683992136 
 3.793333333333375 0.008582649286278 
 3.800000000000042 0.006997999999991 
 3.806666666666708 0.005692606695780 
 3.813333333333375 0.004620325839394 
 3.820000000000042 0.003741999999995 
 3.826666666666709 0.003024365304429 
 3.833333333333376 0.002439616169007 
 3.840000000000042 0.001963999999997 
 3.846666666666709 0.001577618677383 
 3.853333333333376 0.001265078304526 
 3.860000000000043 0.001012999999999 
 3.866666666666710 0.000809518401180 
 3.873333333333377 0.000645220835118 
 3.880000000000043 0.000512999999999 
 3.886666666666710 0.000407453753960 
 3.893333333333377 0.000323235609359 
 3.900000000000044 0.000256000000000 
 3.906666666666711 0.000202500820931 
 3.913333333333378 0.000159892510723 
 3.920000000000044 0.000126000000000 
 3.926666666666711 0.000099224405747 
 3.933333333333378 0.000077963244471 
 3.940000000000045 0.000061000000000 
 3.946666666666712 0.000047566785458 
 3.953333333333378 0.000037111430390 
 3.960000000000045 0.000029000000000 
 3.966666666666712 0.000022599479559 
 3.973333333333379 0.000017781966176 
 3.980000000000046 0.000014000000000 
 3.986666666666713 0.000010492595035 
 3.993333333333379 0.000007799059032 
