 2.000000000000000 0.000014735113551 
 2.006666666666667 0.000013064884328 
 2.013333333333334 0.000011525740901 
 2.020000000000000 0.000010112332829 
 2.026666666666667 0.000008819309672 
 2.033333333333334 0.000007641320989 
 2.040000000000001 0.000006573016339 
 2.046666666666668 0.000005609045282 
 2.053333333333335 0.000004744057377 
 2.060000000000001 0.000003972702183 
 2.066666666666668 0.000003289629260 
 2.073333333333335 0.000002689488167 
 2.080000000000002 0.000002166928463 
 2.086666666666669 0.000001716599709 
 2.093333333333335 0.000001333151462 
 2.100000000000002 0.000001011233283 
 2.106666666666669 0.000000745494731 
 2.113333333333336 0.000000530585364 
 2.120000000000003 0.000000361154744 
 2.126666666666670 0.000000231852428 
 2.133333333333336 0.000000137327977 
 2.140000000000003 0.000000072230949 
 2.146666666666670 0.000000031210904 
 2.153333333333337 0.000000008917401 
 2.160000000000004 -0.000000000000000 
 2.166666666666671 -0.000000000891740 
 2.173333333333337 0.000000000891740 
 2.180000000000004 -0.000000000000000 
 2.186666666666671 -0.000000003566960 
 2.193333333333338 0.000000008917401 
 2.200000000000005 -0.000000000000000 
 2.206666666666671 -0.000000049045706 
 2.213333333333338 0.000000123951875 
 2.220000000000005 -0.000000000000000 
 2.226666666666672 -0.000001275665516 
 2.233333333333339 -0.000002606924483 
 2.240000000000006 -0.000005000000000 
 2.246666666666672 -0.000011625086328 
 2.253333333333339 -0.000024139413163 
 2.260000000000006 -0.000049000000000 
 2.266666666666673 -0.000099364431958 
 2.273333333333340 -0.000195085600532 
 2.280000000000006 -0.000374000000000 
 2.286666666666673 -0.000700402887015 
 2.293333333333340 -0.001281503438734 
 2.300000000000007 -0.002293000000001 
 2.306666666666674 -0.004004572282551 
 2.313333333333341 -0.006837295875070 
 2.320000000000007 -0.011414000000006 
 2.326666666666674 -0.018608720179784 
 2.333333333333341 -0.029655786960356 
 2.340000000000008 -0.046188000000024 
 2.346666666666675 -0.070266139863945 
 2.353333333333341 -0.104431684532707 
 2.360000000000008 -0.151561000000069 
 2.366666666666675 -0.214717941618777 
 2.373333333333342 -0.296814722422916 
 2.380000000000009 -0.400061000000152 
 2.386666666666676 -0.525484413168248 
 2.393333333333342 -0.671932355312635 
 2.400000000000009 -0.835413000000238 
 2.406666666666676 -1.008610213104877 
 2.413333333333343 -1.180002029729146 
 2.420000000000010 -1.334439000000205 
 2.426666666666677 -1.453731681408045 
 2.433333333333343 -1.518004246077556 
 2.440000000000010 -1.508541999999920 
 2.446666666666677 -1.409989363642848 
 2.453333333333344 -1.214574044985522 
 2.460000000000011 -0.924669999999467 
 2.466666666666677 -0.554360928112942 
 2.473333333333344 -0.131828235576285 
 2.480000000000011 0.303834000000711 
 2.486666666666678 0.705367184868349 
 2.493333333333345 1.023058635797343 
 2.500000000000012 1.213207000000197 
 2.506666666666678 1.243810886632151 
 2.513333333333345 1.104308914511066 
 2.520000000000012 0.807873999999345 
 2.526666666666679 0.391859227982903 
 2.533333333333346 -0.083183869674337 
 2.540000000000012 -0.545134000000801 
 2.546666666666679 -0.918618250415939 
 2.553333333333346 -1.140050571421327 
 2.560000000000013 -1.169375999999859 
 2.566666666666680 -0.996422067131511 
 2.573333333333347 -0.649389982072612 
 2.580000000000013 -0.186747999999013 
 2.586666666666680 0.309693236493672 
 2.593333333333347 0.748886563134375 
 2.600000000000014 1.049913000000432 
 2.606666666666681 1.153548896548138 
 2.613333333333347 1.039843014091280 
 2.620000000000014 0.728596999999161 
 2.626666666666681 0.277190241106270 
 2.633333333333348 -0.226901958442823 
 2.640000000000015 -0.687630000000894 
 2.646666666666682 -1.014147409934722 
 2.653333333333348 -1.143304580424078 
 2.660000000000015 -1.049862999999540 
 2.666666666666682 -0.750311535740734 
 2.673333333333349 -0.304830241567678 
 2.680000000000016 0.200610000001170 
 2.686666666666683 0.666715168811675 
 2.693333333333349 1.002793754016629 
 2.700000000000016 1.144622000000075 
 2.706666666666683 1.063546528720440 
 2.713333333333350 0.777715834829423 
 2.720000000000017 0.342201999998808 
 2.726666666666683 -0.159152063015561 
 2.733333333333350 -0.629880140466405 
 2.740000000000017 -0.982152000000677 
 2.746666666666684 -1.148935781291630 
 2.753333333333351 -1.101631912455636 
 2.760000000000018 -0.850370999999093 
 2.766666666666684 -0.442018393583577 
 2.773333333333351 0.046452366082035 
 2.780000000000018 0.527139000001219 
 2.786666666666685 0.913136234068003 
 2.793333333333352 1.137498074623136 
 2.800000000000018 1.162852999999780 
 2.806666666666685 0.985594707561046 
 2.813333333333352 0.639736530489054 
 2.820000000000019 0.185118999998615 
 2.826666666666686 -0.300722772647823 
 2.833333333333353 -0.736764869983057 
 2.840000000000019 -1.053159000000695 
 2.846666666666686 -1.199350117205048 
 2.853333333333353 -1.155452302829652 
 2.860000000000020 -0.930813999999087 
 2.866666666666687 -0.562041720072562 
 2.873333333333354 -0.108163443711636 
 2.880000000000020 0.362353000001393 
 2.886666666666687 0.779500332468782 
 2.893333333333354 1.084079313070059 
 2.900000000000021 1.234975000000205 
 2.906666666666688 1.212835522768687 
 2.913333333333354 1.024653308164567 
 2.920000000000021 0.698446999998782 
 2.926666666666688 0.279620615926834 
 2.933333333333355 -0.175363035792208 
 2.940000000000022 -0.608528000001316 
 2.946666666666689 -0.965941825700299 
 2.953333333333355 -1.206032475903112 
 2.960000000000022 -1.302829000000069 
 2.966666666666689 -1.247553212755090 
 2.973333333333356 -1.050542108325614 
 2.980000000000023 -0.736692999998775 
 2.986666666666689 -0.342648449172780 
 2.993333333333356 0.087673255629453 
 3.000000000000023 0.509297000001394 
 3.006666666666690 0.879762702095590 
 3.013333333333357 1.164412205637471 
 3.020000000000024 1.338589000000400 
 3.026666666666690 1.388839241459015 
 3.033333333333357 1.314612438099445 
 3.040000000000024 1.125912999999136 
 3.046666666666691 0.841950085738684 
 3.053333333333358 0.489159149983151 
 3.060000000000024 0.097469999998532 
 3.066666666666691 -0.301794892954289 
 3.073333333333358 -0.678964856836305 
 3.080000000000025 -1.008107000001110 
 3.086666666666692 -1.268219994487738 
 3.093333333333359 -1.445015960489445 
 3.100000000000025 -1.530598000000148 
 3.106666666666692 -1.523336363196997 
 3.113333333333359 -1.427808478898579 
 3.120000000000026 -1.253147999999188 
 3.126666666666693 -1.012182831013598 
 3.133333333333360 -0.720309521875111 
 3.140000000000026 -0.393944999998672 
 3.146666666666693 -0.049690345080614 
 3.153333333333360 0.296825839298433 
 3.160000000000027 0.631630000001298 
 3.166666666666694 0.942801999867881 
 3.173333333333360 1.221087790554777 
 3.180000000000027 1.459751000000883 
 3.186666666666694 1.654537232105171 
 3.193333333333361 1.803713487714832 
 3.200000000000028 1.907521000000337 
 3.206666666666695 1.967919434781176 
 3.213333333333361 1.988309444854027 
 3.220000000000028 1.973001999999868 
 3.226666666666695 1.926952891866469 
 3.233333333333362 1.855433999500859 
 3.240000000000029 1.763722999999573 
 3.246666666666695 1.656937643945212 
 3.253333333333362 1.539807585199436 
 3.260000000000029 1.416591999999451 
 3.266666666666696 1.291024345594707 
 3.273333333333363 1.166213822927351 
 3.280000000000030 1.044704999999468 
 3.286666666666696 0.928495342535575 
 3.293333333333363 0.819031046901229 
 3.300000000000030 0.717315999999558 
 3.306666666666697 0.623957338798333 
 3.313333333333364 0.539203648510386 
 3.320000000000030 0.463042999999669 
 3.326666666666697 0.395247548794088 
 3.333333333333364 0.335419995211532 
 3.340000000000031 0.283056999999772 
 3.346666666666698 0.237579270248325 
 3.353333333333365 0.198366099268956 
 3.360000000000031 0.164787999999854 
 3.366666666666698 0.136222716166291 
 3.373333333333365 0.112074727889194 
 3.380000000000032 0.091782999999911 
 3.386666666666699 0.074826904229370 
 3.393333333333366 0.060737683773589 
 3.400000000000032 0.049092999999949 
 3.406666666666699 0.039516276379099 
 3.413333333333366 0.031680252349183 
 3.420000000000033 0.025298999999972 
 3.426666666666700 0.020125261374803 
 3.433333333333366 0.015949923189450 
 3.440000000000033 0.012594999999985 
 3.446666666666700 0.009910493979527 
 3.453333333333367 0.007771338969994 
 3.460000000000034 0.006072999999992 
 3.466666666666701 0.004729580264644 
 3.473333333333367 0.003671896464644 
 3.480000000000034 0.002841999999996 
 3.486666666666701 0.002192037132967 
 3.493333333333368 0.001685804127676 
 3.500000000000035 0.001292999999998 
 3.506666666666701 0.000988198856182 
 3.513333333333368 0.000753250211740 
 3.520000000000035 0.000572999999999 
 3.526666666666702 0.000434487594335 
 3.533333333333369 0.000328698836696 
 3.540000000000036 0.000248000000000 
 3.546666666666702 0.000185997834892 
 3.553333333333369 0.000139570539045 
 3.560000000000036 0.000105000000000 
 3.566666666666703 0.000078000612679 
 3.573333333333370 0.000057622043268 
 3.580000000000036 0.000043000000000 
 3.586666666666703 0.000032418150020 
 3.593333333333370 0.000023878807456 
 3.600000000000037 0.000017000000000 
 3.606666666666704 0.000012594228339 
 3.613333333333371 0.000009570150003 
 3.620000000000037 0.000007000000000 
 3.626666666666704 0.000004789935612 
 3.633333333333371 0.000003510700000 
 3.640000000000038 0.000003000000000 
 3.646666666666705 0.000002390796154 
 3.653333333333372 0.000001579650001 
 3.660000000000038 0.000001000000000 
 3.666666666666705 0.000001051580908 
 3.673333333333372 0.000000715511120 
 3.680000000000039 -0.000000000000000 
 3.686666666666706 -0.000000076070846 
 3.693333333333372 0.000000030098270 
 3.700000000000039 -0.000000000000000 
 3.706666666666706 -0.000000005461641 
 3.713333333333373 0.000000002160959 
 3.720000000000040 -0.000000000000000 
 3.726666666666707 -0.000000000392128 
 3.733333333333373 0.000000000155150 
 3.740000000000040 -0.000000000000000 
 3.746666666666707 -0.000000000028154 
 3.753333333333374 0.000000000011139 
 3.760000000000041 -0.000000000000000 
 3.766666666666707 -0.000000000002022 
 3.773333333333374 0.000000000000801 
 3.780000000000041 -0.000000000000000 
 3.786666666666708 -0.000000000000149 
 3.793333333333375 0.000000000000068 
 3.800000000000042 -0.000000000000000 
 3.806666666666708 -0.000000000000123 
 3.813333333333375 -0.000000000000246 
 3.820000000000042 -0.000000000000370 
 3.826666666666709 -0.000000000000495 
 3.833333333333376 -0.000000000000620 
 3.840000000000042 -0.000000000000746 
 3.846666666666709 -0.000000000000873 
 3.853333333333376 -0.000000000001000 
 3.860000000000043 -0.000000000001128 
 3.866666666666710 -0.000000000001256 
 3.873333333333377 -0.000000000001386 
 3.880000000000043 -0.000000000001515 
 3.886666666666710 -0.000000000001646 
 3.893333333333377 -0.000000000001777 
 3.900000000000044 -0.000000000001909 
 3.906666666666711 -0.000000000002041 
 3.913333333333378 -0.000000000002175 
 3.920000000000044 -0.000000000002308 
 3.926666666666711 -0.000000000002443 
 3.933333333333378 -0.000000000002578 
 3.940000000000045 -0.000000000002714 
 3.946666666666712 -0.000000000002850 
 3.953333333333378 -0.000000000002988 
 3.960000000000045 -0.000000000003126 
 3.966666666666712 -0.000000000003264 
 3.973333333333379 -0.000000000003403 
 3.980000000000046 -0.000000000003543 
 3.986666666666713 -0.000000000003684 
 3.993333333333379 -0.000000000003825 
