 2.000000000000000 -0.000008701868402 
 2.006666666666667 -0.000007589195635 
 2.013333333333334 -0.000006575512376 
 2.020000000000000 -0.000005656214462 
 2.026666666666667 -0.000004826697729 
 2.033333333333334 -0.000004082358016 
 2.040000000000001 -0.000003418591158 
 2.046666666666668 -0.000002830792993 
 2.053333333333335 -0.000002314359356 
 2.060000000000001 -0.000001864686086 
 2.066666666666668 -0.000001477169019 
 2.073333333333335 -0.000001147203991 
 2.080000000000002 -0.000000870186840 
 2.086666666666669 -0.000000641513403 
 2.093333333333335 -0.000000456579515 
 2.100000000000002 -0.000000310781014 
 2.106666666666669 -0.000000199513738 
 2.113333333333336 -0.000000118173522 
 2.120000000000003 -0.000000062156203 
 2.126666666666670 -0.000000026857619 
 2.133333333333336 -0.000000007673605 
 2.140000000000003 0.000000000000000 
 2.146666666666670 0.000000000767361 
 2.153333333333337 -0.000000000767361 
 2.160000000000004 0.000000000000000 
 2.166666666666671 0.000000003069442 
 2.173333333333337 -0.000000007673605 
 2.180000000000004 0.000000000000000 
 2.186666666666671 0.000000042204829 
 2.193333333333338 -0.000000143700151 
 2.200000000000005 -0.000001000000000 
 2.206666666666671 -0.000003152942575 
 2.213333333333338 -0.000007596721096 
 2.220000000000005 -0.000017000000000 
 2.226666666666672 -0.000036887104587 
 2.233333333333339 -0.000078284469266 
 2.240000000000006 -0.000163000000000 
 2.246666666666672 -0.000329488743863 
 2.253333333333339 -0.000647126589363 
 2.260000000000006 -0.001239000000001 
 2.266666666666673 -0.002305659013193 
 2.273333333333340 -0.004180080374402 
 2.280000000000006 -0.007385000000004 
 2.286666666666673 -0.012689663366760 
 2.293333333333340 -0.021235739392988 
 2.300000000000007 -0.034598000000017 
 2.306666666666674 -0.054830331825088 
 2.313333333333341 -0.084547530386575 
 2.320000000000007 -0.126759000000056 
 2.326666666666674 -0.184685500702710 
 2.333333333333341 -0.261320611944562 
 2.340000000000008 -0.358687000000130 
 2.346666666666675 -0.477187233567532 
 2.353333333333341 -0.614254851650911 
 2.360000000000008 -0.763548000000193 
 2.366666666666675 -0.914438472944559 
 2.373333333333342 -1.051220866721530 
 2.380000000000009 -1.154579000000106 
 2.386666666666676 -1.203028054320538 
 2.393333333333342 -1.176142171337268 
 2.400000000000009 -1.059105999999769 
 2.406666666666676 -0.845992509764735 
 2.413333333333343 -0.545675569038290 
 2.420000000000010 -0.182643999999440 
 2.426666666666677 0.203443028720858 
 2.433333333333343 0.560158204795058 
 2.440000000000010 0.832480000000325 
 2.446666666666677 0.970393652590131 
 2.453333333333344 0.943042288014557 
 2.460000000000011 0.747007999999562 
 2.466666666666677 0.409904996428486 
 2.473333333333344 -0.006657061477819 
 2.480000000000011 -0.421774000000639 
 2.486666666666678 -0.746883924805227 
 2.493333333333345 -0.908276630176029 
 2.500000000000012 -0.865745999999744 
 2.506666666666678 -0.621696462214253 
 2.513333333333345 -0.231268020244332 
 2.520000000000012 0.215415000000787 
 2.526666666666679 0.608190083427273 
 2.533333333333346 0.846781272670458 
 2.540000000000012 0.868512999999821 
 2.546666666666679 0.661756926483851 
 2.553333333333346 0.280765726515973 
 2.560000000000013 -0.176036000000874 
 2.566666666666680 -0.584495890422974 
 2.573333333333347 -0.831691656990527 
 2.580000000000013 -0.848789999999785 
 2.586666666666680 -0.626085651655137 
 2.593333333333347 -0.227724776231206 
 2.600000000000014 0.236136000000931 
 2.606666666666681 0.631725804278743 
 2.613333333333347 0.844898641592310 
 2.620000000000014 0.814279999999665 
 2.626666666666681 0.544840170807206 
 2.633333333333348 0.117694499261315 
 2.640000000000015 -0.344864000000950 
 2.646666666666682 -0.705323116670309 
 2.653333333333348 -0.858267540808222 
 2.660000000000015 -0.759280999999496 
 2.666666666666682 -0.434659396775481 
 2.673333333333349 0.016735225720854 
 2.680000000000016 0.464363000000927 
 2.686666666666683 0.774088339578006 
 2.693333333333349 0.856272182366007 
 2.700000000000016 0.687532999999319 
 2.706666666666683 0.315546891601303 
 2.713333333333350 -0.147472154076741 
 2.720000000000017 -0.568763000000874 
 2.726666666666683 -0.823337264551985 
 2.733333333333350 -0.839745228313031 
 2.740000000000017 -0.614128999999164 
 2.746666666666684 -0.210514891620278 
 2.753333333333351 0.252242735468197 
 2.760000000000018 0.644467000000838 
 2.766666666666684 0.852651078147876 
 2.773333333333351 0.821061524851180 
 2.780000000000018 0.559588999999027 
 2.786666666666685 0.140977319020204 
 2.793333333333352 -0.315722313471693 
 2.800000000000018 -0.686850000000809 
 2.806666666666685 -0.868960648884464 
 2.813333333333352 -0.815930617141847 
 2.820000000000019 -0.543307999998964 
 2.826666666666686 -0.124353033029501 
 2.833333333333353 0.326775784590107 
 2.840000000000019 0.693115000000842 
 2.846666666666686 0.877358223490275 
 2.853333333333353 0.835148971756519 
 2.860000000000020 0.578882999998966 
 2.866666666666687 0.174387013742004 
 2.873333333333354 -0.273325550362697 
 2.880000000000020 -0.653900000000955 
 2.886666666666687 -0.871822957009637 
 2.893333333333354 -0.876788047186552 
 2.900000000000021 -0.669499999999061 
 2.906666666666688 -0.300510226686657 
 2.913333333333354 0.139176926783394 
 2.920000000000021 0.547097000001142 
 2.926666666666688 0.827147968563454 
 2.933333333333355 0.917355281394151 
 2.940000000000022 0.799394999999293 
 2.946666666666689 0.500636638418264 
 2.953333333333355 0.091239790513250 
 2.960000000000022 -0.338932000001357 
 2.966666666666689 -0.695216697358031 
 2.973333333333356 -0.902572251226065 
 2.980000000000023 -0.919297999999717 
 2.986666666666689 -0.742651401417311 
 2.993333333333356 -0.413142381747023 
 3.000000000000023 0.001093000001483 
 3.006666666666690 0.415203781207360 
 3.013333333333357 0.746784832675782 
 3.020000000000024 0.932612000000346 
 3.026666666666690 0.937193523487118 
 3.033333333333357 0.763421891047011 
 3.040000000000024 0.445878999998667 
 3.046666666666691 0.045141992060975 
 3.053333333333358 -0.363655580227530 
 3.060000000000024 -0.707519000001058 
 3.066666666666691 -0.925192190168547 
 3.073333333333358 -0.981198569768875 
 3.080000000000025 -0.868209999999281 
 3.086666666666692 -0.607087654413646 
 3.093333333333359 -0.244716915056718 
 3.100000000000025 0.158369000001522 
 3.106666666666692 0.535775176509453 
 3.113333333333359 0.827791388584526 
 3.120000000000026 0.990284000000338 
 3.126666666666693 0.999270495898802 
 3.133333333333360 0.856740503376275 
 3.140000000000026 0.586150999998735 
 3.146666666666693 0.229077395706996 
 3.153333333333360 -0.160975970935288 
 3.160000000000027 -0.528596000001352 
 3.166666666666694 -0.822343622647439 
 3.173333333333360 -1.003622577931373 
 3.180000000000027 -1.050133999999902 
 3.186666666666694 -0.957471483128649 
 3.193333333333361 -0.740833046023674 
 3.200000000000028 -0.429756999998574 
 3.206666666666695 -0.064760289310339 
 3.213333333333361 0.308172526177965 
 3.220000000000028 0.644400000001275 
 3.226666666666695 0.904555284615266 
 3.233333333333362 1.060389005088035 
 3.240000000000029 1.096364999999890 
 3.246666666666695 1.010419755393938 
 3.253333333333362 0.814841915419526 
 3.260000000000029 0.532483999998612 
 3.266666666666696 0.194468920537487 
 3.273333333333363 -0.163385596608352 
 3.280000000000030 -0.505201000001438 
 3.286666666666696 -0.797721238219495 
 3.293333333333363 -1.014328156805187 
 3.300000000000030 -1.136603000000322 
 3.306666666666697 -1.155212811151198 
 3.313333333333364 -1.071226302358197 
 3.320000000000030 -0.894238999998997 
 3.326666666666697 -0.641303080862178 
 3.333333333333364 -0.335367668809937 
 3.340000000000031 -0.002243999998426 
 3.346666666666698 0.331130827212307 
 3.353333333333365 0.639258753814897 
 3.360000000000031 0.899914000001090 
 3.366666666666698 1.095223958111616 
 3.373333333333365 1.213334888868173 
 3.380000000000032 1.248241999999965 
 3.386666666666699 1.199755771526090 
 3.393333333333366 1.073575282927606 
 3.400000000000032 0.879820999998915 
 3.406666666666699 0.632256361777518 
 3.413333333333366 0.347246664720764 
 3.420000000000033 0.042212999998476 
 3.426666666666700 -0.265230965883720 
 3.433333333333366 -0.558523717559452 
 3.440000000000033 -0.822950000001227 
 3.446666666666700 -1.046126439686547 
 3.453333333333367 -1.218782858683958 
 3.460000000000034 -1.334669000000436 
 3.466666666666701 -1.390564967493391 
 3.473333333333367 -1.386414044747765 
 3.480000000000034 -1.324690999999543 
 3.486666666666701 -1.210105290404551 
 3.493333333333368 -1.049275693712876 
 3.500000000000035 -0.850020999998880 
 3.506666666666701 -0.620993542623596 
 3.513333333333368 -0.371202815392190 
 3.520000000000035 -0.109541999998607 
 3.526666666666702 0.155478101066028 
 3.533333333333369 0.416118426353717 
 3.540000000000036 0.665559000001289 
 3.546666666666702 0.898006735308603 
 3.553333333333369 1.108899154697908 
 3.560000000000036 1.294800000000931 
 3.566666666666703 1.453375452499138 
 3.573333333333370 1.583423257922477 
 3.580000000000036 1.684654000000475 
 3.586666666666703 1.757597340410600 
 3.593333333333370 1.803518604357324 
 3.600000000000037 1.824212000000049 
 3.606666666666704 1.821897831763936 
 3.613333333333371 1.799096388263133 
 3.620000000000037 1.758479999999728 
 3.626666666666704 1.702796230211427 
 3.633333333333371 1.634765831328820 
 3.640000000000038 1.557008999999537 
 3.646666666666705 1.472002317126321 
 3.653333333333372 1.382012287382486 
 3.660000000000038 1.289083999999463 
 3.666666666666705 1.195028579933564 
 3.673333333333372 1.101393340180539 
 3.680000000000039 1.009487999999475 
 3.686666666666706 0.920391024172397 
 3.693333333333372 0.834943771447891 
 3.700000000000039 0.753790999999538 
 3.706666666666706 0.677396536263936 
 3.713333333333373 0.606053311947687 
 3.720000000000040 0.539919999999623 
 3.726666666666707 0.479037002046476 
 3.733333333333373 0.423341706935737 
 3.740000000000040 0.372696999999711 
 3.746666666666707 0.326904159057575 
 3.753333333333374 0.285716325897186 
 3.760000000000041 0.248856999999787 
 3.766666666666707 0.216028743281226 
 3.773333333333374 0.186923040812886 
 3.780000000000041 0.161229999999851 
 3.786666666666708 0.138643320955920 
 3.793333333333375 0.118866764003745 
 3.800000000000042 0.101616999999899 
 3.806666666666708 0.086625824177290 
 3.813333333333375 0.073644470055718 
 3.820000000000042 0.062441999999934 
 3.826666666666709 0.052805550860511 
 3.833333333333376 0.044542816777196 
 3.840000000000042 0.037479999999958 
 3.846666666666709 0.031460961944603 
 3.853333333333376 0.026346631492272 
 3.860000000000043 0.022012999999974 
 3.866666666666710 0.018350545993975 
 3.873333333333377 0.015264246337188 
 3.880000000000043 0.012669999999985 
 3.886666666666710 0.010493941230562 
 3.893333333333377 0.008673706117463 
 3.900000000000044 0.007154999999991 
 3.906666666666711 0.005890557159974 
 3.913333333333378 0.004840305974088 
 3.920000000000044 0.003969999999995 
 3.926666666666711 0.003250377527687 
 3.933333333333378 0.002655947890212 
 3.940000000000045 0.002165999999997 
 3.946666666666712 0.001763950449923 
 3.953333333333378 0.001434297822255 
 3.960000000000045 0.001163999999998 
 3.966666666666712 0.000942780623110 
 3.973333333333379 0.000762517917673 
 3.980000000000046 0.000615999999999 
 3.986666666666713 0.000496830125488 
 3.993333333333379 0.000400286358510 
