 2.000000000000000 0.000028007065038 
 2.006666666666667 0.000025002930949 
 2.013333333333334 0.000022221457469 
 2.020000000000000 0.000019654080729 
 2.026666666666667 0.000017292236859 
 2.033333333333334 0.000015127361990 
 2.040000000000001 0.000013150892252 
 2.046666666666668 0.000011354263776 
 2.053333333333335 0.000009728912692 
 2.060000000000001 0.000008266275130 
 2.066666666666668 0.000006957787221 
 2.073333333333335 0.000005794885095 
 2.080000000000002 0.000004769004883 
 2.086666666666669 0.000003871582714 
 2.093333333333335 0.000003094054720 
 2.100000000000002 0.000002427857031 
 2.106666666666669 0.000001864425777 
 2.113333333333336 0.000001395197089 
 2.120000000000003 0.000001011607096 
 2.126666666666670 0.000000705091930 
 2.133333333333336 0.000000467087721 
 2.140000000000003 0.000000289030599 
 2.146666666666670 0.000000162356694 
 2.153333333333337 0.000000078502138 
 2.160000000000004 0.000000028903060 
 2.166666666666671 0.000000004995591 
 2.173333333333337 -0.000000001784139 
 2.180000000000004 0.000000000000000 
 2.186666666666671 0.000000001784139 
 2.193333333333338 -0.000000003925107 
 2.200000000000005 0.000000000000000 
 2.206666666666671 0.000000021052846 
 2.213333333333338 -0.000000053167357 
 2.220000000000005 0.000000000000000 
 2.226666666666672 0.000000589252002 
 2.233333333333339 0.000001444767293 
 2.240000000000006 0.000003000000000 
 2.246666666666672 0.000006709956665 
 2.253333333333339 0.000014687316864 
 2.260000000000006 0.000031000000000 
 2.266666666666673 0.000063016807980 
 2.273333333333340 0.000124548039172 
 2.280000000000006 0.000241000000000 
 2.286666666666673 0.000455154984689 
 2.293333333333340 0.000841059305621 
 2.300000000000007 0.001521000000001 
 2.306666666666674 0.002684634459150 
 2.313333333333341 0.004634504461746 
 2.320000000000007 0.007827000000005 
 2.326666666666674 0.012914542258212 
 2.333333333333341 0.020841151306943 
 2.340000000000008 0.032890000000018 
 2.346666666666675 0.050726549748343 
 2.353333333333341 0.076487502724231 
 2.360000000000008 0.112712000000054 
 2.366666666666675 0.162267487551648 
 2.373333333333342 0.228171664609655 
 2.380000000000009 0.313188000000127 
 2.386666666666676 0.419460572270201 
 2.393333333333342 0.547734357365357 
 2.400000000000009 0.696677000000221 
 2.406666666666676 0.862338783488567 
 2.413333333333343 1.037102486651198 
 2.420000000000010 1.209701000000244 
 2.426666666666677 1.365326063233407 
 2.433333333333343 1.485996492785295 
 2.440000000000010 1.552594000000051 
 2.446666666666677 1.546507768443068 
 2.453333333333344 1.452911560489114 
 2.460000000000011 1.263803999999620 
 2.466666666666677 0.980107028303550 
 2.473333333333344 0.615328724435260 
 2.480000000000011 0.194960999999273 
 2.486666666666678 -0.244374742557246 
 2.493333333333345 -0.657149085053972 
 2.500000000000012 -0.995761000000495 
 2.506666666666678 -1.215461683354916 
 2.513333333333345 -1.283331915182472 
 2.520000000000012 -1.184218999999671 
 2.526666666666679 -0.924088379963557 
 2.533333333333346 -0.534746060834152 
 2.540000000000012 -0.068105999999098 
 2.546666666666679 0.408546252746012 
 2.553333333333346 0.822073396826952 
 2.560000000000013 1.106954000000390 
 2.566666666666680 1.213733362840582 
 2.573333333333347 1.122583283068831 
 2.580000000000013 0.845274999999284 
 2.586666666666680 0.424837604799625 
 2.593333333333347 -0.067588767191728 
 2.600000000000014 -0.548568000000920 
 2.606666666666681 -0.933019488225598 
 2.613333333333347 -1.152494320035431 
 2.620000000000014 -1.167082999999802 
 2.626666666666681 -0.971271180689880 
 2.633333333333348 -0.600718861448881 
 2.640000000000015 -0.121050999998888 
 2.646666666666682 0.380741736336551 
 2.653333333333348 0.812612111590036 
 2.660000000000015 1.096295000000427 
 2.666666666666682 1.178050081979628 
 2.673333333333349 1.044166794068422 
 2.680000000000016 0.718968999999059 
 2.686666666666683 0.261470670638300 
 2.693333333333349 -0.243318698328476 
 2.700000000000016 -0.704319000000980 
 2.706666666666683 -1.036730248583102 
 2.713333333333350 -1.181605533613941 
 2.720000000000017 -1.113908999999573 
 2.726666666666683 -0.845533928571401 
 2.733333333333350 -0.426927957450495 
 2.740000000000017 0.067697000001274 
 2.746666666666684 0.550413767090075 
 2.753333333333351 0.936921758920670 
 2.760000000000018 1.161693000000341 
 2.766666666666684 1.186052667817002 
 2.773333333333351 1.008928841588076 
 2.780000000000018 0.661659999998869 
 2.786666666666685 0.203426508276557 
 2.793333333333352 -0.288136865566765 
 2.800000000000018 -0.733223000001108 
 2.806666666666685 -1.059548737112640 
 2.813333333333352 -1.217141181727396 
 2.820000000000019 -1.183407999999629 
 2.826666666666686 -0.965036753770114 
 2.833333333333353 -0.599069382318186 
 2.840000000000019 -0.142246999998595 
 2.846666666666686 0.335940480616045 
 2.853333333333353 0.764854273701087 
 2.860000000000020 1.083818000000741 
 2.866666666666687 1.248292074969347 
 2.873333333333354 1.238605843748190 
 2.880000000000020 1.058879999999211 
 2.886666666666687 0.735733643025704 
 2.893333333333354 0.315266316555285 
 2.900000000000021 -0.146563000001447 
 2.906666666666688 -0.589758442964650 
 2.913333333333354 -0.959356708252291 
 2.920000000000021 -1.211843000000584 
 2.926666666666688 -1.318638992662005 
 2.933333333333355 -1.270935306148496 
 2.940000000000022 -1.077417999999153 
 2.946666666666689 -0.762686676524361 
 2.953333333333355 -0.364482837091147 
 2.960000000000022 0.072985000001470 
 2.966666666666689 0.502948410194556 
 2.973333333333356 0.881970883150689 
 2.980000000000023 1.174053000000811 
 2.986666666666689 1.352925493304617 
 2.993333333333356 1.405355275260283 
 3.000000000000023 1.330078999999527 
 3.006666666666690 1.137154940509431 
 3.013333333333357 0.846972229753123 
 3.020000000000024 0.486406999998639 
 3.026666666666690 0.086648192356961 
 3.033333333333357 -0.319958058701722 
 3.040000000000024 -0.702887000001301 
 3.046666666666691 -1.035119136382347 
 3.053333333333358 -1.295605533040535 
 3.060000000000024 -1.469690000000468 
 3.066666666666691 -1.549391249844283 
 3.073333333333358 -1.533910848300156 
 3.080000000000025 -1.428161999999448 
 3.086666666666692 -1.242009213288090 
 3.093333333333359 -0.989296380201635 
 3.100000000000025 -0.686052999998774 
 3.106666666666692 -0.349532662125448 
 3.113333333333359 0.003099377315796 
 3.120000000000026 0.355786000001343 
 3.126666666666693 0.694152610181899 
 3.133333333333360 1.006350958902078 
 3.140000000000026 1.283114000001008 
 3.146666666666693 1.517829241693353 
 3.153333333333360 1.706728862113845 
 3.160000000000027 1.848374000000472 
 3.166666666666694 1.943420180922219 
 3.173333333333360 1.994378629202285 
 3.180000000000027 2.005014999999968 
 3.186666666666694 1.980052735658739 
 3.193333333333361 1.924815020790875 
 3.200000000000028 1.844826999999626 
 3.206666666666695 1.745607562746791 
 3.213333333333361 1.632391513725403 
 3.220000000000028 1.509990999999473 
 3.226666666666695 1.382711365024115 
 3.233333333333362 1.254214986185718 
 3.240000000000029 1.127560999999468 
 3.246666666666695 1.005211473523415 
 3.253333333333362 0.889009959547973 
 3.260000000000029 0.780293999999540 
 3.266666666666696 0.679940930976594 
 3.273333333333363 0.588403188232582 
 3.280000000000030 0.505820999999651 
 3.286666666666696 0.432072004598424 
 3.293333333333363 0.366819268305387 
 3.300000000000030 0.309587999999758 
 3.306666666666697 0.259801948219864 
 3.313333333333364 0.216824716194252 
 3.320000000000030 0.179996999999844 
 3.326666666666697 0.148655640852536 
 3.333333333333364 0.122158647305176 
 3.340000000000031 0.099898999999905 
 3.346666666666698 0.081311282976468 
 3.353333333333365 0.065879864598055 
 3.360000000000031 0.053139999999945 
 3.366666666666698 0.042678135633766 
 3.373333333333365 0.034131901512807 
 3.380000000000032 0.027184999999970 
 3.386666666666699 0.021564838119000 
 3.393333333333366 0.017039904729824 
 3.400000000000032 0.013412999999984 
 3.406666666666699 0.010518301736221 
 3.413333333333366 0.008218542482735 
 3.420000000000033 0.006398999999992 
 3.426666666666700 0.004964941743791 
 3.433333333333366 0.003839319658209 
 3.440000000000033 0.002958999999996 
 3.446666666666700 0.002273030825078 
 3.453333333333367 0.001740747547056 
 3.460000000000034 0.001328999999998 
 3.466666666666701 0.001011193511043 
 3.473333333333367 0.000766886741348 
 3.480000000000034 0.000579999999999 
 3.486666666666701 0.000437789440654 
 3.493333333333368 0.000329444609610 
 3.500000000000035 0.000247000000000 
 3.506666666666701 0.000184969769228 
 3.513333333333368 0.000138263719124 
 3.520000000000035 0.000103000000000 
 3.526666666666702 0.000076565106323 
 3.533333333333369 0.000056877087763 
 3.540000000000036 0.000042000000000 
 3.546666666666702 0.000030460237810 
 3.553333333333369 0.000022459953997 
 3.560000000000036 0.000017000000000 
 3.566666666666703 0.000012100445235 
 3.573333333333370 0.000008303008939 
 3.580000000000036 0.000006000000000 
 3.586666666666703 0.000004649699181 
 3.593333333333370 0.000003226615590 
 3.600000000000037 0.000002000000000 
 3.606666666666704 0.000001995343304 
 3.613333333333371 0.000001721461174 
 3.620000000000037 0.000001000000000 
 3.626666666666704 0.000001025847811 
 3.633333333333371 0.000000725692704 
 3.640000000000038 -0.000000000000000 
 3.646666666666705 -0.000000077918399 
 3.653333333333372 0.000000030829275 
 3.660000000000038 -0.000000000000000 
 3.666666666666705 -0.000000005594289 
 3.673333333333372 0.000000002213442 
 3.680000000000039 -0.000000000000000 
 3.686666666666706 -0.000000000401652 
 3.693333333333372 0.000000000158918 
 3.700000000000039 -0.000000000000000 
 3.706666666666706 -0.000000000028837 
 3.713333333333373 0.000000000011410 
 3.720000000000040 -0.000000000000000 
 3.726666666666707 -0.000000000002071 
 3.733333333333373 0.000000000000820 
 3.740000000000040 -0.000000000000000 
 3.746666666666707 -0.000000000000153 
 3.753333333333374 0.000000000000070 
 3.760000000000041 -0.000000000000000 
 3.766666666666707 -0.000000000000126 
 3.773333333333374 -0.000000000000252 
 3.780000000000041 -0.000000000000379 
 3.786666666666708 -0.000000000000507 
 3.793333333333375 -0.000000000000635 
 3.800000000000042 -0.000000000000764 
 3.806666666666708 -0.000000000000894 
 3.813333333333375 -0.000000000001024 
 3.820000000000042 -0.000000000001155 
 3.826666666666709 -0.000000000001287 
 3.833333333333376 -0.000000000001420 
 3.840000000000042 -0.000000000001553 
 3.846666666666709 -0.000000000001687 
 3.853333333333376 -0.000000000001821 
 3.860000000000043 -0.000000000001956 
 3.866666666666710 -0.000000000002092 
 3.873333333333377 -0.000000000002229 
 3.880000000000043 -0.000000000002366 
 3.886666666666710 -0.000000000002504 
 3.893333333333377 -0.000000000002642 
 3.900000000000044 -0.000000000002782 
 3.906666666666711 -0.000000000002922 
 3.913333333333378 -0.000000000003062 
 3.920000000000044 -0.000000000003204 
 3.926666666666711 -0.000000000003346 
 3.933333333333378 -0.000000000003488 
 3.940000000000045 -0.000000000003632 
 3.946666666666712 -0.000000000003776 
 3.953333333333378 -0.000000000003921 
 3.960000000000045 -0.000000000004066 
 3.966666666666712 -0.000000000004213 
 3.973333333333379 -0.000000000004360 
 3.980000000000046 -0.000000000004507 
 3.986666666666713 -0.000000000004656 
 3.993333333333379 -0.000000000004805 
