 2.000000000000000 0.000012849063326 
 2.006666666666667 0.000011304982894 
 2.013333333333334 0.000009889673032 
 2.020000000000000 0.000008597535019 
 2.026666666666667 0.000007422970135 
 2.033333333333334 0.000006360379658 
 2.040000000000001 0.000005404164869 
 2.046666666666668 0.000004548727048 
 2.053333333333335 0.000003788467473 
 2.060000000000001 0.000003117787425 
 2.066666666666668 0.000002531088182 
 2.073333333333335 0.000002022771026 
 2.080000000000002 0.000001587237234 
 2.086666666666669 0.000001218888088 
 2.093333333333335 0.000000912124866 
 2.100000000000002 0.000000661348848 
 2.106666666666669 0.000000460961313 
 2.113333333333336 0.000000305363542 
 2.120000000000003 0.000000188956814 
 2.126666666666670 0.000000106142408 
 2.133333333333336 0.000000051321604 
 2.140000000000003 0.000000018895681 
 2.146666666666670 0.000000003265920 
 2.153333333333337 -0.000000001166400 
 2.160000000000004 0.000000000000000 
 2.166666666666671 0.000000001166400 
 2.173333333333337 -0.000000002566080 
 2.180000000000004 0.000000000000000 
 2.186666666666671 0.000000013763521 
 2.193333333333338 -0.000000034758723 
 2.200000000000005 0.000000000000000 
 2.206666666666671 0.000000487819190 
 2.213333333333338 0.000001738166187 
 2.220000000000005 0.000004000000000 
 2.226666666666672 0.000008149038474 
 2.233333333333339 0.000017813529790 
 2.240000000000006 0.000039000000000 
 2.246666666666672 0.000081709830552 
 2.253333333333339 0.000165836436056 
 2.260000000000006 0.000329000000000 
 2.266666666666673 0.000635158959625 
 2.273333333333340 0.001195341019442 
 2.280000000000006 0.002196000000001 
 2.286666666666673 0.003928478567164 
 2.293333333333340 0.006856789687978 
 2.300000000000007 0.011679000000006 
 2.306666666666674 0.019385318758423 
 2.313333333333341 0.031383825723324 
 2.320000000000007 0.049541000000025 
 2.326666666666674 0.076205798865467 
 2.333333333333341 0.114240066734681 
 2.340000000000008 0.166792000000073 
 2.346666666666675 0.237066420913277 
 2.353333333333341 0.327798034487556 
 2.360000000000008 0.440500000000157 
 2.366666666666675 0.574822501326702 
 2.373333333333342 0.727239638311836 
 2.380000000000009 0.890415000000220 
 2.386666666666676 1.052814634695344 
 2.393333333333342 1.198137568542245 
 2.400000000000009 1.306848000000116 
 2.406666666666676 1.357591791812806 
 2.413333333333343 1.330267765721683 
 2.420000000000010 1.210135999999751 
 2.426666666666677 0.990779746979738 
 2.433333333333343 0.679466966377245 
 2.440000000000010 0.298042999999379 
 2.446666666666677 -0.117199222980528 
 2.453333333333344 -0.516959717915082 
 2.460000000000011 -0.847390000000443 
 2.466666666666677 -1.056489609439557 
 2.473333333333344 -1.106167239402966 
 2.480000000000011 -0.980872999999647 
 2.486666666666678 -0.692166049910985 
 2.493333333333345 -0.284530892986455 
 2.500000000000012 0.173982000000790 
 2.506666666666678 0.599746614381648 
 2.513333333333345 0.909854922767739 
 2.520000000000012 1.040958000000048 
 2.526666666666679 0.960193206800359 
 2.533333333333346 0.681099367284636 
 2.540000000000012 0.257985999999128 
 2.546666666666679 -0.221004533986833 
 2.553333333333346 -0.650542151144017 
 2.560000000000013 -0.935382000000358 
 2.566666666666680 -1.006757867788838 
 2.573333333333347 -0.847281298105743 
 2.580000000000013 -0.490936999999139 
 2.586666666666680 -0.018472244687710 
 2.593333333333347 0.457404051730390 
 2.600000000000014 0.824510000000574 
 2.606666666666681 0.991169034739538 
 2.613333333333347 0.917281318614888 
 2.620000000000014 0.619341999999169 
 2.626666666666681 0.168153434743472 
 2.633333333333348 -0.323543850375569 
 2.640000000000015 -0.736003000000734 
 2.646666666666682 -0.964296096464211 
 2.653333333333348 -0.952797260895443 
 2.660000000000015 -0.703998999999204 
 2.666666666666682 -0.278237414868473 
 2.673333333333349 0.216016716353693 
 2.680000000000016 0.657317000000872 
 2.686666666666683 0.933513769771656 
 2.693333333333349 0.977428660201660 
 2.700000000000016 0.778693999999260 
 2.706666666666683 0.385428006480904 
 2.713333333333350 -0.102249806861167 
 2.720000000000017 -0.565676000001010 
 2.726666666666683 -0.889210679023420 
 2.733333333333350 -0.995386993278035 
 2.740000000000017 -0.859621999999366 
 2.746666666666684 -0.514107290578722 
 2.753333333333351 -0.045537395328106 
 2.760000000000018 0.434829000001187 
 2.766666666666684 0.810983610906253 
 2.773333333333351 0.995285643851794 
 2.780000000000018 0.946214999999545 
 2.786666666666685 0.674869954366511 
 2.793333333333352 0.247982409250701 
 2.800000000000018 -0.236633000001329 
 2.806666666666685 -0.667042101613393 
 2.813333333333352 -0.946645951361031 
 2.820000000000019 -1.014859999999865 
 2.826666666666686 -0.856399043606397 
 2.833333333333353 -0.510272543113050 
 2.840000000000019 -0.052506999998592 
 2.846666666666686 0.416732231854419 
 2.853333333333353 0.796872681095143 
 2.860000000000020 1.009541000000330 
 2.866666666666687 1.010203882143178 
 2.873333333333354 0.802770782136459 
 2.880000000000020 0.431235999998684 
 2.886666666666687 -0.027868141104942 
 2.893333333333354 -0.481127138579743 
 2.900000000000021 -0.840419000000895 
 2.906666666666688 -1.035515561296456 
 2.913333333333354 -1.032197166679800 
 2.920000000000021 -0.833471999999085 
 2.926666666666688 -0.478131865189294 
 2.933333333333355 -0.035005676423474 
 2.940000000000022 0.415102000001388 
 2.946666666666689 0.790565559739768 
 2.953333333333355 1.026546548583091 
 2.960000000000022 1.084310999999877 
 2.966666666666689 0.955377071902570 
 2.973333333333356 0.665548430654266 
 2.980000000000023 0.264834999998525 
 2.986666666666689 -0.179473849390576 
 2.993333333333356 -0.594865778666694 
 3.000000000000023 -0.916675000000888 
 3.006666666666690 -1.095360815202524 
 3.013333333333357 -1.106801331970866 
 3.020000000000024 -0.952008999999183 
 3.026666666666690 -0.656086748625401 
 3.033333333333357 -0.265229424484418 
 3.040000000000024 0.163770000001537 
 3.046666666666691 0.569923852948792 
 3.053333333333358 0.898091833613555 
 3.060000000000024 1.105935000000503 
 3.066666666666691 1.167611134334991 
 3.073333333333358 1.078730576542519 
 3.080000000000025 0.853349999998938 
 3.086666666666692 0.521841583297377 
 3.093333333333359 0.127096237989552 
 3.100000000000025 -0.283071000001524 
 3.106666666666692 -0.660386597783099 
 3.113333333333359 -0.962881318742605 
 3.120000000000026 -1.158828000000521 
 3.126666666666693 -1.228878248539857 
 3.133333333333360 -1.169032478151136 
 3.140000000000026 -0.988416999999077 
 3.146666666666693 -0.707892733626571 
 3.153333333333360 -0.357829338342492 
 3.160000000000027 0.026739000001556 
 3.166666666666694 0.408911718492198 
 3.173333333333360 0.754088185781565 
 3.180000000000027 1.032901000000965 
 3.186666666666694 1.222888570276080 
 3.193333333333361 1.310971902230983 
 3.200000000000028 1.292901999999709 
 3.206666666666695 1.172970894995285 
 3.213333333333361 0.963653889894841 
 3.220000000000028 0.683043999998703 
 3.226666666666695 0.353430663370516 
 3.233333333333362 -0.000712147393708 
 3.240000000000029 -0.355003000001477 
 3.246666666666695 -0.686441200382138 
 3.253333333333362 -0.975294323757917 
 3.260000000000029 -1.205822000000867 
 3.266666666666696 -1.366732653888781 
 3.273333333333363 -1.451946977795489 
 3.280000000000030 -1.459914999999866 
 3.286666666666696 -1.393301805905901 
 3.293333333333363 -1.258664328339436 
 3.300000000000030 -1.065237999999007 
 3.306666666666697 -0.824307665836577 
 3.313333333333364 -0.548390026373336 
 3.320000000000030 -0.250283999998598 
 3.326666666666697 0.057449484179193 
 3.333333333333364 0.363222847985332 
 3.340000000000031 0.656780000001326 
 3.346666666666698 0.929422592475965 
 3.353333333333365 1.174388416669432 
 3.360000000000031 1.386708000000921 
 3.366666666666698 1.563168440099155 
 3.373333333333365 1.702343615003293 
 3.380000000000032 1.804221000000401 
 3.386666666666699 1.870034420755037 
 3.393333333333366 1.902097415592054 
 3.400000000000032 1.903436999999938 
 3.406666666666699 1.877616376394583 
 3.413333333333366 1.828526944025411 
 3.420000000000033 1.760154999999622 
 3.426666666666700 1.676460108030759 
 3.433333333333366 1.581213652619210 
 3.440000000000033 1.477914999999469 
 3.446666666666700 1.369739432337815 
 3.453333333333367 1.259452155612563 
 3.460000000000034 1.149425999999447 
 3.466666666666701 1.041640352112742 
 3.473333333333367 0.937659192630082 
 3.480000000000034 0.838696999999507 
 3.486666666666701 0.745642830580412 
 3.493333333333368 0.659072244918543 
 3.500000000000035 0.579319999999604 
 3.506666666666701 0.506510387129697 
 3.513333333333368 0.440582754753184 
 3.520000000000035 0.381346999999705 
 3.526666666666702 0.328508218869343 
 3.533333333333369 0.281691247555900 
 3.540000000000036 0.240474999999794 
 3.546666666666702 0.204408565933148 
 3.553333333333369 0.173029155476661 
 3.560000000000036 0.145876999999864 
 3.566666666666703 0.122503778270946 
 3.573333333333370 0.102485040230332 
 3.580000000000036 0.085421999999914 
 3.586666666666703 0.070943848380007 
 3.593333333333370 0.058713704045482 
 3.600000000000037 0.048426999999948 
 3.606666666666704 0.039810543494458 
 3.613333333333371 0.032621408999744 
 3.620000000000037 0.026645999999970 
 3.626666666666704 0.021698501283665 
 3.633333333333371 0.017616836766176 
 3.640000000000038 0.014260999999983 
 3.646666666666705 0.011511585588256 
 3.653333333333372 0.009266564986230 
 3.660000000000038 0.007438999999991 
 3.666666666666705 0.005955808063190 
 3.673333333333372 0.004755924893035 
 3.680000000000039 0.003787999999995 
 3.686666666666706 0.003009393963160 
 3.693333333333372 0.002385161294108 
 3.700000000000039 0.001885999999997 
 3.706666666666706 0.001487596309992 
 3.713333333333373 0.001170518409702 
 3.720000000000040 0.000918999999999 
 3.726666666666707 0.000720176598977 
 3.733333333333373 0.000562948293589 
 3.740000000000040 0.000438999999999 
 3.746666666666707 0.000342246446074 
 3.753333333333374 0.000266128070918 
 3.760000000000041 0.000206000000000 
 3.766666666666707 0.000159236609029 
 3.773333333333374 0.000123066921491 
 3.780000000000041 0.000095000000000 
 3.786666666666708 0.000073066080328 
 3.793333333333375 0.000056031052179 
 3.800000000000042 0.000043000000000 
 3.806666666666708 0.000033132960016 
 3.813333333333375 0.000025219660865 
 3.820000000000042 0.000019000000000 
 3.826666666666709 0.000014795359890 
 3.833333333333376 0.000011155311050 
 3.840000000000042 0.000008000000000 
 3.846666666666709 0.000006483559933 
 3.853333333333376 0.000005436175310 
 3.860000000000043 0.000004000000000 
 3.866666666666710 0.000002455960651 
 3.873333333333377 0.000001914106258 
 3.880000000000043 0.000002000000000 
 3.886666666666710 0.000001307296586 
 3.893333333333377 0.000000953904891 
 3.900000000000044 0.000001000000000 
 3.906666666666711 0.000000327673041 
 3.913333333333378 -0.000000114993344 
 3.920000000000044 0.000000000000000 
 3.926666666666711 0.000000020866726 
 3.933333333333378 -0.000000008256151 
 3.940000000000045 0.000000000000000 
 3.946666666666712 0.000000001498164 
 3.953333333333378 -0.000000000592765 
 3.960000000000045 0.000000000000000 
 3.966666666666712 0.000000000107563 
 3.973333333333379 -0.000000000042559 
 3.980000000000046 0.000000000000000 
 3.986666666666713 0.000000000007723 
 3.993333333333379 -0.000000000003056 
