 2.000000000000000 0.000019943437935 
 2.006666666666667 0.000017682843693 
 2.013333333333334 0.000015599669288 
 2.020000000000000 0.000013686673093 
 2.026666666666667 0.000011936613482 
 2.033333333333334 0.000010342248830 
 2.040000000000001 0.000008896337510 
 2.046666666666668 0.000007591637897 
 2.053333333333335 0.000006420908365 
 2.060000000000001 0.000005376907286 
 2.066666666666668 0.000004452393037 
 2.073333333333335 0.000003640123990 
 2.080000000000002 0.000002932858520 
 2.086666666666669 0.000002323355000 
 2.093333333333335 0.000001804371805 
 2.100000000000002 0.000001368667309 
 2.106666666666669 0.000001008999886 
 2.113333333333336 0.000000718127909 
 2.120000000000003 0.000000488809753 
 2.126666666666670 0.000000313803792 
 2.133333333333336 0.000000185868400 
 2.140000000000003 0.000000097761951 
 2.146666666666670 0.000000042242818 
 2.153333333333337 0.000000012069377 
 2.160000000000004 -0.000000000000000 
 2.166666666666671 -0.000000001206938 
 2.173333333333337 0.000000001206938 
 2.180000000000004 -0.000000000000000 
 2.186666666666671 -0.000000004827751 
 2.193333333333338 0.000000012069377 
 2.200000000000005 -0.000000000000000 
 2.206666666666671 -0.000000066381571 
 2.213333333333338 0.000000204801372 
 2.220000000000005 0.000001000000000 
 2.226666666666672 0.000002223633899 
 2.233333333333339 0.000003966260944 
 2.240000000000006 0.000008000000000 
 2.246666666666672 0.000017789848745 
 2.253333333333339 0.000037285814810 
 2.260000000000006 0.000076000000000 
 2.266666666666673 0.000151908322611 
 2.273333333333340 0.000295924035288 
 2.280000000000006 0.000563000000000 
 2.286666666666673 0.001043704445585 
 2.293333333333340 0.001890984012553 
 2.300000000000007 0.003350000000002 
 2.306666666666674 0.005789879841495 
 2.313333333333341 0.009777333621922 
 2.320000000000007 0.016135000000009 
 2.326666666666674 0.025995428150125 
 2.333333333333341 0.040916168175779 
 2.340000000000008 0.062897000000032 
 2.346666666666675 0.094384817963822 
 2.353333333333341 0.138265724542457 
 2.360000000000008 0.197618000000086 
 2.366666666666675 0.275473171491032 
 2.373333333333342 0.374282234677159 
 2.380000000000009 0.495232000000176 
 2.386666666666676 0.637670879205622 
 2.393333333333342 0.797944190565698 
 2.400000000000009 0.968885000000242 
 2.406666666666676 1.139494359607414 
 2.413333333333343 1.294454211017558 
 2.420000000000010 1.415438000000143 
 2.426666666666677 1.482281414554446 
 2.433333333333343 1.475478171084885 
 2.440000000000010 1.379626999999779 
 2.446666666666677 1.185959814524360 
 2.453333333333344 0.896997110097499 
 2.460000000000011 0.527860999999359 
 2.466666666666677 0.106738840642965 
 2.473333333333344 -0.325037074157841 
 2.480000000000011 -0.718995000000596 
 2.486666666666678 -1.024167971439867 
 2.493333333333345 -1.196033703853964 
 2.500000000000012 -1.204940999999865 
 2.506666666666678 -1.041252440795608 
 2.513333333333345 -0.723306594610289 
 2.520000000000012 -0.294181999999165 
 2.526666666666679 0.181806281777159 
 2.533333333333346 0.627203786708288 
 2.540000000000012 0.966970000000492 
 2.546666666666679 1.138602348627141 
 2.553333333333346 1.108943682590231 
 2.560000000000013 0.879467999999382 
 2.566666666666680 0.487575413815664 
 2.573333333333347 0.005330139928646 
 2.580000000000013 -0.478178000000902 
 2.586666666666680 -0.869132925566210 
 2.593333333333347 -1.090677019872012 
 2.600000000000014 -1.098104999999783 
 2.606666666666681 -0.886212260622674 
 2.613333333333347 -0.497498418133367 
 2.620000000000014 -0.008189999998919 
 2.626666666666681 0.482740313876955 
 2.633333333333348 0.874687869695451 
 2.640000000000015 1.087960000000229 
 2.646666666666682 1.076122840071657 
 2.653333333333348 0.842842704971327 
 2.660000000000015 0.435318999998939 
 2.666666666666682 -0.062780071388437 
 2.673333333333349 -0.547308370457067 
 2.680000000000016 -0.919322000000667 
 2.686666666666683 -1.100220728382635 
 2.693333333333349 -1.054392743207968 
 2.700000000000016 -0.791613999999145 
 2.706666666666683 -0.365347866706893 
 2.713333333333350 0.135060298873709 
 2.720000000000017 0.608637000001049 
 2.726666666666683 0.958059446322032 
 2.733333333333350 1.114176594089627 
 2.740000000000017 1.047010999999549 
 2.746666666666684 0.769738892984172 
 2.753333333333351 0.340443981342389 
 2.760000000000018 -0.156404000001325 
 2.766666666666684 -0.622591277864270 
 2.773333333333351 -0.967996670093963 
 2.780000000000018 -1.127926000000146 
 2.786666666666685 -1.071826968253955 
 2.793333333333352 -0.813853844129948 
 2.800000000000018 -0.403484999998707 
 2.806666666666685 0.082013685266011 
 2.813333333333352 0.552246926335908 
 2.820000000000019 0.923122000000849 
 2.826666666666686 1.127932858255848 
 2.833333333333353 1.133409331334789 
 2.840000000000019 0.940840999999172 
 2.846666666666686 0.585023071052330 
 2.853333333333353 0.129830749391990 
 2.860000000000020 -0.347734000001382 
 2.866666666666687 -0.767473789432868 
 2.873333333333354 -1.061830321309491 
 2.880000000000020 -1.185527000000091 
 2.886666666666687 -1.120272049023699 
 2.893333333333354 -0.880245729197813 
 2.900000000000021 -0.504606999998670 
 2.906666666666688 -0.052195452460760 
 2.913333333333354 0.407909075490097 
 2.920000000000021 0.808849000001121 
 2.926666666666688 1.093161047887045 
 2.933333333333355 1.223341637892708 
 2.940000000000022 1.184147999999598 
 2.946666666666689 0.983294974722267 
 2.953333333333355 0.651450447598552 
 2.960000000000022 0.234114999998528 
 2.966666666666689 -0.213437920282221 
 2.973333333333356 -0.634266334459444 
 2.980000000000023 -0.977570000000984 
 2.986666666666689 -1.203077562357805 
 2.993333333333356 -1.287364648532327 
 3.000000000000023 -1.223859999999531 
 3.006666666666690 -1.022588582349690 
 3.013333333333357 -0.709384744992742 
 3.020000000000024 -0.320123999998541 
 3.026666666666690 0.102699113153907 
 3.033333333333357 0.515198292691702 
 3.040000000000024 0.877082000001167 
 3.046666666666691 1.154477129447820 
 3.053333333333358 1.324054398213956 
 3.060000000000024 1.373429999999956 
 3.066666666666691 1.301358699105069 
 3.073333333333358 1.117985282298529 
 3.080000000000025 0.841763999998826 
 3.086666666666692 0.497717769140478 
 3.093333333333359 0.114922591013591 
 3.100000000000025 -0.276744000001466 
 3.106666666666692 -0.648434153342944 
 3.113333333333359 -0.974990896978311 
 3.120000000000026 -1.236159000000862 
 3.126666666666693 -1.417302249257975 
 3.133333333333360 -1.510524667214064 
 3.140000000000026 -1.513822999999839 
 3.146666666666693 -1.430676928854626 
 3.153333333333360 -1.269587369942205 
 3.160000000000027 -1.042427999998979 
 3.166666666666694 -0.763577310268594 
 3.173333333333360 -0.448766919394052 
 3.180000000000027 -0.113827999998619 
 3.186666666666694 0.225996251745892 
 3.193333333333361 0.557023572483033 
 3.200000000000028 0.867525000001226 
 3.206666666666695 1.147973908768044 
 3.213333333333361 1.391466008214198 
 3.220000000000028 1.593435000000756 
 3.226666666666695 1.751543989511836 
 3.233333333333362 1.865623801763592 
 3.240000000000029 1.937133000000218 
 3.246666666666695 1.968902685131494 
 3.253333333333362 1.964852364619561 
 3.260000000000029 1.929529999999783 
 3.266666666666696 1.867881565291506 
 3.273333333333363 1.784964414022612 
 3.280000000000030 1.685706999999528 
 3.286666666666696 1.574778488212891 
 3.293333333333363 1.456405172442805 
 3.300000000000030 1.334328999999444 
 3.306666666666697 1.211773751176776 
 3.313333333333364 1.091375259442551 
 3.320000000000030 0.975250999999479 
 3.326666666666697 0.865024102342767 
 3.333333333333364 0.761830533833537 
 3.340000000000031 0.666420999999574 
 3.346666666666698 0.579204126072349 
 3.353333333333365 0.500284288306567 
 3.360000000000031 0.429548999999684 
 3.366666666666698 0.366708107119216 
 3.373333333333365 0.311333576536671 
 3.380000000000032 0.262914999999784 
 3.386666666666699 0.220885743970377 
 3.393333333333366 0.184652412839383 
 3.400000000000032 0.153619999999861 
 3.406666666666699 0.127205308468283 
 3.413333333333366 0.104855462475868 
 3.420000000000033 0.086052999999915 
 3.426666666666700 0.070319685698095 
 3.433333333333366 0.057224098860990 
 3.440000000000033 0.046378999999951 
 3.446666666666700 0.037440698713285 
 3.453333333333367 0.030109736393493 
 3.460000000000034 0.024123999999973 
 3.466666666666701 0.019256725918001 
 3.473333333333367 0.015316803240898 
 3.480000000000034 0.012140999999985 
 3.486666666666701 0.009590945620462 
 3.493333333333368 0.007551286757059 
 3.500000000000035 0.005925999999992 
 3.506666666666701 0.004636068324159 
 3.513333333333368 0.003615729876560 
 3.520000000000035 0.002810999999996 
 3.526666666666702 0.002178603510430 
 3.533333333333369 0.001683820403727 
 3.540000000000036 0.001297999999998 
 3.546666666666702 0.000997788229303 
 3.553333333333369 0.000765015034907 
 3.560000000000036 0.000584999999999 
 3.566666666666703 0.000445987255390 
 3.573333333333370 0.000339019714613 
 3.580000000000036 0.000257000000000 
 3.586666666666703 0.000194366679496 
 3.593333333333370 0.000146964673389 
 3.600000000000037 0.000111000000000 
 3.606666666666704 0.000083220331636 
 3.613333333333371 0.000062411638762 
 3.620000000000037 0.000047000000000 
 3.626666666666704 0.000034940185626 
 3.633333333333371 0.000025761232238 
 3.640000000000038 0.000019000000000 
 3.646666666666705 0.000013942267131 
 3.653333333333372 0.000010430797751 
 3.660000000000038 0.000008000000000 
 3.666666666666705 0.000005918220868 
 3.673333333333372 0.000004195862198 
 3.680000000000039 0.000003000000000 
 3.686666666666706 0.000002320232432 
 3.693333333333372 0.000001607569316 
 3.700000000000039 0.000001000000000 
 3.706666666666706 0.000001046514661 
 3.713333333333373 0.000000717515637 
 3.720000000000040 -0.000000000000000 
 3.726666666666707 -0.000000076434586 
 3.733333333333373 0.000000030242188 
 3.740000000000040 -0.000000000000000 
 3.746666666666707 -0.000000005487756 
 3.753333333333374 0.000000002171291 
 3.760000000000041 -0.000000000000000 
 3.766666666666707 -0.000000000394003 
 3.773333333333374 0.000000000155892 
 3.780000000000041 -0.000000000000000 
 3.786666666666708 -0.000000000028288 
 3.793333333333375 0.000000000011193 
 3.800000000000042 -0.000000000000000 
 3.806666666666708 -0.000000000002031 
 3.813333333333375 0.000000000000804 
 3.820000000000042 -0.000000000000000 
 3.826666666666709 -0.000000000000146 
 3.833333333333376 0.000000000000058 
 3.840000000000042 -0.000000000000000 
 3.846666666666709 -0.000000000000015 
 3.853333333333376 0.000000000000016 
 3.860000000000043 0.000000000000050 
 3.866666666666710 0.000000000000083 
 3.873333333333377 0.000000000000116 
 3.880000000000043 0.000000000000150 
 3.886666666666710 0.000000000000184 
 3.893333333333377 0.000000000000218 
 3.900000000000044 0.000000000000252 
 3.906666666666711 0.000000000000286 
 3.913333333333378 0.000000000000321 
 3.920000000000044 0.000000000000355 
 3.926666666666711 0.000000000000390 
 3.933333333333378 0.000000000000425 
 3.940000000000045 0.000000000000461 
 3.946666666666712 0.000000000000496 
 3.953333333333378 0.000000000000531 
 3.960000000000045 0.000000000000567 
 3.966666666666712 0.000000000000603 
 3.973333333333379 0.000000000000639 
 3.980000000000046 0.000000000000675 
 3.986666666666713 0.000000000000712 
 3.993333333333379 0.000000000000748 
