 2.000000000000000 0.000011778230326 
 2.006666666666667 0.000010272195584 
 2.013333333333334 0.000008900146002 
 2.020000000000000 0.000007655849712 
 2.026666666666667 0.000006533074845 
 2.033333333333334 0.000005525589535 
 2.040000000000001 0.000004627161914 
 2.046666666666668 0.000003831560112 
 2.053333333333335 0.000003132552263 
 2.060000000000001 0.000002523906498 
 2.066666666666668 0.000001999390950 
 2.073333333333335 0.000001552773751 
 2.080000000000002 0.000001177823033 
 2.086666666666669 0.000000868306927 
 2.093333333333335 0.000000617993566 
 2.100000000000002 0.000000420651083 
 2.106666666666669 0.000000270047609 
 2.113333333333336 0.000000159951276 
 2.120000000000003 0.000000084130217 
 2.126666666666670 0.000000036352563 
 2.133333333333336 0.000000010386446 
 2.140000000000003 -0.000000000000000 
 2.146666666666670 -0.000000001038645 
 2.153333333333337 0.000000001038645 
 2.160000000000004 -0.000000000000000 
 2.166666666666671 -0.000000004154579 
 2.173333333333337 0.000000010386446 
 2.180000000000004 -0.000000000000000 
 2.186666666666671 -0.000000057125456 
 2.193333333333338 0.000000181408643 
 2.200000000000005 0.000001000000000 
 2.206666666666671 0.000002648842643 
 2.213333333333338 0.000005899704930 
 2.220000000000005 0.000013000000000 
 2.226666666666672 0.000028511292827 
 2.233333333333339 0.000061192238160 
 2.240000000000006 0.000128000000000 
 2.246666666666672 0.000259287034711 
 2.253333333333339 0.000511976814489 
 2.260000000000006 0.000987000000001 
 2.266666666666673 0.001849359044974 
 2.273333333333340 0.003376557238758 
 2.280000000000006 0.006010000000003 
 2.286666666666673 0.010406702557882 
 2.293333333333340 0.017555343046619 
 2.300000000000007 0.028844000000015 
 2.306666666666674 0.046115698987549 
 2.313333333333341 0.071775208376783 
 2.320000000000007 0.108680000000049 
 2.326666666666674 0.160011972156455 
 2.333333333333341 0.228959796450190 
 2.340000000000008 0.318076000000120 
 2.346666666666675 0.428699614905753 
 2.353333333333341 0.559733053035919 
 2.360000000000008 0.706744000000193 
 2.366666666666675 0.861334932818625 
 2.373333333333342 1.010049390494999 
 2.380000000000009 1.135278000000142 
 2.386666666666676 1.216253222330265 
 2.393333333333342 1.231404747225012 
 2.400000000000009 1.162566999999838 
 2.406666666666676 0.998151476100298 
 2.413333333333343 0.739097181766527 
 2.420000000000010 0.401098999999460 
 2.426666666666677 0.015357183818268 
 2.433333333333343 -0.371401943228923 
 2.440000000000010 -0.705112000000441 
 2.446666666666677 -0.930880050785144 
 2.453333333333344 -1.005706090667888 
 2.460000000000011 -0.908992999999708 
 2.466666666666677 -0.648236191103231 
 2.473333333333344 -0.266500992788316 
 2.480000000000011 0.167161000000718 
 2.486666666666678 0.566395264221812 
 2.493333333333345 0.845825487918526 
 2.500000000000012 0.942405999999985 
 2.506666666666678 0.827529705015299 
 2.513333333333345 0.524094379198664 
 2.520000000000012 0.097985999999181 
 2.526666666666679 -0.351564319928342 
 2.533333333333346 -0.714344771720473 
 2.540000000000012 -0.900242000000140 
 2.546666666666679 -0.856855961778996 
 2.553333333333346 -0.594310775870338 
 2.560000000000013 -0.177044999999111 
 2.566666666666680 0.287137484647835 
 2.573333333333347 0.673798835452141 
 2.580000000000013 0.879893000000179 
 2.586666666666680 0.844784339428914 
 2.593333333333347 0.578868064784108 
 2.600000000000014 0.152769999999032 
 2.606666666666681 -0.316116325231170 
 2.613333333333347 -0.695646965501167 
 2.620000000000014 -0.880593000000133 
 2.626666666666681 -0.814671707466846 
 2.633333333333348 -0.518711433643313 
 2.640000000000015 -0.074749999998952 
 2.646666666666682 0.390687457726585 
 2.653333333333348 0.743755820408687 
 2.660000000000015 0.885142000000032 
 2.666666666666682 0.770946226736485 
 2.673333333333349 0.437025289726917 
 2.680000000000016 -0.022688000001116 
 2.686666666666683 -0.475862876000757 
 2.693333333333349 -0.792481171625538 
 2.700000000000016 -0.883997999999911 
 2.706666666666683 -0.721651675918663 
 2.713333333333350 -0.355388136921582 
 2.720000000000017 0.112362000001167 
 2.726666666666683 0.548149413129947 
 2.733333333333350 0.829335365819287 
 2.740000000000017 0.879012999999804 
 2.746666666666684 0.681361200465311 
 2.753333333333351 0.295489813940912 
 2.760000000000018 -0.172943000001239 
 2.766666666666684 -0.593487088086078 
 2.773333333333351 -0.851517933592943 
 2.780000000000018 -0.878901999999736 
 2.786666666666685 -0.666946766990309 
 2.793333333333352 -0.276929587940276 
 2.800000000000018 0.187800000001285 
 2.806666666666685 0.602484979839460 
 2.813333333333352 0.858646220930327 
 2.820000000000019 0.891573999999750 
 2.826666666666686 0.691968781025208 
 2.833333333333353 0.315534717996046 
 2.840000000000019 -0.142049000001343 
 2.846666666666686 -0.563577786215402 
 2.853333333333353 -0.843892317116289 
 2.860000000000020 -0.915631999999869 
 2.866666666666687 -0.760734825062862 
 2.873333333333354 -0.421361527987031 
 2.880000000000020 0.020257000001400 
 2.886666666666687 0.457091568658089 
 2.893333333333354 0.785702888243767 
 2.900000000000021 0.931305000000120 
 2.906666666666688 0.859938675148073 
 2.913333333333354 0.592262963389358 
 2.920000000000021 0.190011999998594 
 2.926666666666688 -0.255154746207233 
 2.933333333333355 -0.643560215592410 
 2.940000000000022 -0.891889000000511 
 2.946666666666689 -0.946138455363657 
 2.953333333333355 -0.798600092779723 
 2.960000000000022 -0.482258999998734 
 2.966666666666689 -0.064666332589702 
 2.973333333333356 0.365920435183933 
 2.980000000000023 0.722848000000997 
 2.986666666666689 0.933937095384223 
 2.993333333333356 0.960292333484401 
 3.000000000000023 0.799068999999145 
 3.006666666666690 0.482875964259357 
 3.013333333333357 0.075193011378735 
 3.020000000000024 -0.347189000001420 
 3.026666666666690 -0.705131780920676 
 3.033333333333357 -0.934629026013549 
 3.040000000000024 -0.996595999999900 
 3.046666666666691 -0.881269526763884 
 3.053333333333358 -0.612568894079678 
 3.060000000000024 -0.238327999998513 
 3.066666666666691 0.176513480290696 
 3.073333333333358 0.561891619992933 
 3.080000000000025 0.855656000000859 
 3.086666666666692 1.010812473035477 
 3.093333333333359 1.005723425815236 
 3.100000000000025 0.843611999999114 
 3.106666666666692 0.551327068128072 
 3.113333333333359 0.175941896980262 
 3.120000000000026 -0.225966000001525 
 3.126666666666693 -0.594864556262062 
 3.133333333333360 -0.878546201404539 
 3.140000000000026 -1.038780000000353 
 3.146666666666693 -1.054768189113077 
 3.153333333333360 -0.927632235150578 
 3.160000000000027 -0.676672999998792 
 3.166666666666694 -0.336746202435151 
 3.173333333333360 0.046387020397402 
 3.180000000000027 0.424017000001457 
 3.186666666666694 0.749164725371795 
 3.193333333333361 0.983666335508423 
 3.200000000000028 1.101570000000224 
 3.206666666666695 1.090905950217647 
 3.213333333333361 0.956015824859053 
 3.220000000000028 0.714312999998798 
 3.226666666666695 0.394245466568242 
 3.233333333333362 0.032007582899136 
 3.240000000000029 -0.333842000001512 
 3.246666666666695 -0.665512751576556 
 3.253333333333362 -0.930687145732272 
 3.260000000000029 -1.105009000000541 
 3.266666666666696 -1.173482655289954 
 3.273333333333363 -1.132514178694083 
 3.280000000000030 -0.988312999999146 
 3.286666666666696 -0.755958978037577 
 3.293333333333363 -0.458013948582897 
 3.300000000000030 -0.121142999998430 
 3.306666666666697 0.225820444230053 
 3.313333333333364 0.554731898515121 
 3.320000000000030 0.840430000001180 
 3.326666666666697 1.062070789831240 
 3.333333333333364 1.205149083332260 
 3.340000000000031 1.261518000000055 
 3.346666666666698 1.229457243026245 
 3.353333333333365 1.113888045908525 
 3.360000000000031 0.924798999998953 
 3.366666666666698 0.676407538466545 
 3.373333333333365 0.386034151988857 
 3.380000000000032 0.072345999998470 
 3.386666666666699 -0.245622741515492 
 3.393333333333366 -0.549880362490792 
 3.400000000000032 -0.824405000001239 
 3.406666666666699 -1.055704808553535 
 3.413333333333366 -1.233707374990608 
 3.420000000000033 -1.351668000000426 
 3.426666666666700 -1.406183541184538 
 3.433333333333366 -1.397335665146566 
 3.440000000000033 -1.327979999999510 
 3.446666666666700 -1.203407027287920 
 3.453333333333367 -1.030959937063860 
 3.460000000000034 -0.819243999998845 
 3.466666666666701 -0.577714248263048 
 3.473333333333367 -0.316132342648410 
 3.480000000000034 -0.044055999998593 
 3.486666666666701 0.229451255293156 
 3.493333333333368 0.496250806635999 
 3.500000000000035 0.749267000001268 
 3.506666666666701 0.982593414942779 
 3.513333333333368 1.191701450350822 
 3.520000000000035 1.373303000000879 
 3.526666666666702 1.525310961298971 
 3.533333333333369 1.646850683448176 
 3.540000000000036 1.738007000000406 
 3.546666666666702 1.799715302493332 
 3.553333333333369 1.833662229027957 
 3.560000000000036 1.842039999999981 
 3.566666666666703 1.827432792123217 
 3.573333333333370 1.792694078497532 
 3.580000000000036 1.740782999999675 
 3.586666666666703 1.674681342789040 
 3.593333333333370 1.597288055125677 
 3.600000000000037 1.511349999999506 
 3.606666666666704 1.419420377298621 
 3.613333333333371 1.323792841415670 
 3.620000000000037 1.226502999999454 
 3.626666666666704 1.129320013472141 
 3.633333333333371 1.033717502478071 
 3.640000000000038 0.940911999999484 
 3.646666666666705 0.851874329836481 
 3.653333333333372 0.767327748839355 
 3.660000000000038 0.687796999999559 
 3.666666666666705 0.613626382022354 
 3.673333333333372 0.544989314611904 
 3.680000000000039 0.481932999999651 
 3.686666666666706 0.424396314777723 
 3.693333333333372 0.372223137213363 
 3.700000000000039 0.325193999999739 
 3.706666666666706 0.283039543388127 
 3.713333333333373 0.245452495267551 
 3.720000000000040 0.212105999999814 
 3.726666666666707 0.182662588955151 
 3.733333333333373 0.156784759497817 
 3.740000000000040 0.134139999999873 
 3.746666666666707 0.114405368652619 
 3.753333333333374 0.097277211777695 
 3.760000000000041 0.082468999999916 
 3.766666666666707 0.069712535145788 
 3.773333333333374 0.058764131316990 
 3.780000000000041 0.049399999999946 
 3.786666666666708 0.041416123389275 
 3.793333333333375 0.034632478512758 
 3.800000000000042 0.028886999999967 
 3.806666666666708 0.024034377489787 
 3.813333333333375 0.019948345639857 
 3.820000000000042 0.016517999999980 
 3.826666666666709 0.013646198505110 
 3.833333333333376 0.011248286371444 
 3.840000000000042 0.009250999999988 
 3.846666666666709 0.007591734915287 
 3.853333333333376 0.006217182079044 
 3.860000000000043 0.005080999999993 
 3.866666666666710 0.004143460679394 
 3.873333333333377 0.003372447920454 
 3.880000000000043 0.002739999999996 
 3.886666666666710 0.002221640522219 
 3.893333333333377 0.001797718437000 
 3.900000000000044 0.001451999999998 
 3.906666666666711 0.001170951076152 
 3.913333333333378 0.000942943530903 
 3.920000000000044 0.000757999999999 
 3.926666666666711 0.000607896766148 
 3.933333333333378 0.000486639143799 
 3.940000000000045 0.000388999999999 
 3.946666666666712 0.000310307353631 
 3.953333333333378 0.000247226704519 
 3.960000000000045 0.000197000000000 
 3.966666666666712 0.000157035814321 
 3.973333333333379 0.000124497682439 
 3.980000000000046 0.000098000000000 
 3.986666666666713 0.000077416269083 
 3.993333333333379 0.000061592701483 
