 2.000000000000000 -0.000018372102224 
 2.006666666666667 -0.000016164314558 
 2.013333333333334 -0.000014140648178 
 2.020000000000000 -0.000012293097811 
 2.026666666666667 -0.000010613658184 
 2.033333333333334 -0.000009094324022 
 2.040000000000001 -0.000007727090053 
 2.046666666666668 -0.000006503951003 
 2.053333333333335 -0.000005416901600 
 2.060000000000001 -0.000004457936569 
 2.066666666666668 -0.000003619050638 
 2.073333333333335 -0.000002892238533 
 2.080000000000002 -0.000002269494981 
 2.086666666666669 -0.000001742814708 
 2.093333333333335 -0.000001304192442 
 2.100000000000002 -0.000000945622909 
 2.106666666666669 -0.000000659100835 
 2.113333333333336 -0.000000436620948 
 2.120000000000003 -0.000000270177974 
 2.126666666666670 -0.000000151766640 
 2.133333333333336 -0.000000073381672 
 2.140000000000003 -0.000000027017797 
 2.146666666666670 -0.000000004669743 
 2.153333333333337 0.000000001667765 
 2.160000000000004 -0.000000000000000 
 2.166666666666671 -0.000000001667765 
 2.173333333333337 0.000000003669084 
 2.180000000000004 -0.000000000000000 
 2.186666666666671 -0.000000019679630 
 2.193333333333338 0.000000049699405 
 2.200000000000005 -0.000000000000000 
 2.206666666666671 -0.000000570143354 
 2.213333333333338 -0.000001493062598 
 2.220000000000005 -0.000003000000000 
 2.226666666666672 -0.000006147512508 
 2.233333333333339 -0.000013174797996 
 2.240000000000006 -0.000028000000000 
 2.246666666666672 -0.000057865402125 
 2.253333333333339 -0.000118213368609 
 2.260000000000006 -0.000237000000000 
 2.266666666666673 -0.000461301450579 
 2.273333333333340 -0.000874960510682 
 2.280000000000006 -0.001621000000001 
 2.286666666666673 -0.002925503054128 
 2.293333333333340 -0.005153344892039 
 2.300000000000007 -0.008862000000005 
 2.306666666666674 -0.014854593159052 
 2.313333333333341 -0.024297460570425 
 2.320000000000007 -0.038774000000020 
 2.326666666666674 -0.060325875246589 
 2.333333333333341 -0.091527325316007 
 2.340000000000008 -0.135344000000061 
 2.346666666666675 -0.194980919552138 
 2.353333333333341 -0.273521501260598 
 2.360000000000008 -0.373297000000140 
 2.366666666666675 -0.495332442926845 
 2.373333333333342 -0.638187692331082 
 2.380000000000009 -0.797180000000219 
 2.386666666666676 -0.963835725866100 
 2.393333333333342 -1.124933524705455 
 2.400000000000009 -1.263341000000168 
 2.406666666666676 -1.358880978454982 
 2.413333333333343 -1.390334060949997 
 2.420000000000010 -1.339084999999857 
 2.426666666666677 -1.191893639168918 
 2.433333333333343 -0.946139439705557 
 2.440000000000010 -0.612223999999431 
 2.446666666666677 -0.214733784728132 
 2.453333333333344 0.206345608770437 
 2.460000000000011 0.601533000000582 
 2.466666666666677 0.916681245559440 
 2.473333333333344 1.102626555075828 
 2.480000000000011 1.125321999999890 
 2.486666666666678 0.972058481813982 
 2.493333333333345 0.661132828955435 
 2.500000000000012 0.238586999999210 
 2.506666666666678 -0.225818648306763 
 2.513333333333345 -0.648375764506159 
 2.520000000000012 -0.949938000000391 
 2.526666666666679 -1.067864669208771 
 2.533333333333346 -0.975613680180625 
 2.540000000000012 -0.687122999999307 
 2.546666666666679 -0.256593387282276 
 2.553333333333346 0.226751723454037 
 2.560000000000013 0.662158000000728 
 2.566666666666680 0.953197321318653 
 2.573333333333347 1.034851956672665 
 2.580000000000013 0.886804999999485 
 2.586666666666680 0.538019367219586 
 2.593333333333347 0.067918818112245 
 2.600000000000014 -0.418275000000939 
 2.606666666666681 -0.807033254306590 
 2.613333333333347 -1.007598206790786 
 2.620000000000014 -0.972612999999667 
 2.626666666666681 -0.706912112688045 
 2.633333333333348 -0.274817046513937 
 2.640000000000015 0.223123000001077 
 2.646666666666682 0.667503602588986 
 2.653333333333348 0.952128444469852 
 2.660000000000015 1.009702999999849 
 2.666666666666682 0.823828919292397 
 2.673333333333349 0.441473157975074 
 2.680000000000016 -0.047126000001171 
 2.686666666666683 -0.524381732486004 
 2.693333333333349 -0.875943529100504 
 2.700000000000016 -1.019428000000053 
 2.706666666666683 -0.918727285193336 
 2.713333333333350 -0.600844787595723 
 2.720000000000017 -0.140493999998777 
 2.726666666666683 0.353202554586781 
 2.733333333333350 0.763630021265130 
 2.740000000000017 0.996737000000306 
 2.746666666666684 0.996915827169723 
 2.753333333333351 0.767555974184676 
 2.760000000000018 0.361789999998762 
 2.766666666666684 -0.127065196428736 
 2.773333333333351 -0.586647938223276 
 2.780000000000018 -0.915211000000639 
 2.786666666666685 -1.038243169746554 
 2.793333333333352 -0.931816294480674 
 2.800000000000018 -0.620695999998900 
 2.806666666666685 -0.173522735578102 
 2.813333333333352 0.310583741411515 
 2.820000000000019 0.729129000001011 
 2.826666666666686 0.992386279042082 
 2.833333333333353 1.047799600149810 
 2.840000000000019 0.885936999999231 
 2.846666666666686 0.541009864382891 
 2.853333333333353 0.086667512539934 
 2.860000000000020 -0.385788000001344 
 2.866666666666687 -0.781282733220760 
 2.873333333333354 -1.023495387534471 
 2.880000000000020 -1.067686999999813 
 2.886666666666687 -0.906277536867476 
 2.893333333333354 -0.573917160238810 
 2.900000000000021 -0.133997999998540 
 2.906666666666688 0.330831735584173 
 2.913333333333354 0.735455514544879 
 2.920000000000021 1.008905000000604 
 2.926666666666688 1.103306797989968 
 2.933333333333355 1.005940363852400 
 2.940000000000022 0.735961999998883 
 2.946666666666689 0.340986473312390 
 2.953333333333355 -0.110505531714160 
 2.960000000000022 -0.544465000001333 
 2.966666666666689 -0.890407282708696 
 2.973333333333356 -1.095374030052966 
 2.980000000000023 -1.129893999999816 
 2.986666666666689 -0.990545690480825 
 2.993333333333356 -0.702278407540521 
 3.000000000000023 -0.309829999998527 
 3.006666666666690 0.127917430782171 
 3.013333333333357 0.547419546692137 
 3.020000000000024 0.890749000001017 
 3.026666666666690 1.111386425114589 
 3.033333333333357 1.182557061212307 
 3.040000000000024 1.097718999999425 
 3.046666666666691 0.870348039333643 
 3.053333333333358 0.532812680650873 
 3.060000000000024 0.128873999998460 
 3.066666666666691 -0.290875911466856 
 3.073333333333358 -0.676154976526433 
 3.080000000000025 -0.983224000000953 
 3.086666666666692 -1.178377207257251 
 3.093333333333359 -1.242962055707565 
 3.100000000000025 -1.172949999999487 
 3.106666666666692 -0.978522471609759 
 3.113333333333359 -0.683206062638911 
 3.120000000000026 -0.318950999998507 
 3.126666666666693 0.076753012115635 
 3.133333333333360 0.465228438005394 
 3.140000000000026 0.810748000001231 
 3.146666666666693 1.082891752319809 
 3.153333333333360 1.260018787288294 
 3.160000000000027 1.329693000000057 
 3.166666666666694 1.288930409239103 
 3.173333333333360 1.144595991431810 
 3.180000000000027 0.910963999998895 
 3.186666666666694 0.608362347402918 
 3.193333333333361 0.261253796470665 
 3.200000000000028 -0.104510000001513 
 3.206666666666695 -0.463230323358914 
 3.213333333333361 -0.791594396379260 
 3.220000000000028 -1.069908000001040 
 3.226666666666695 -1.282827022557668 
 3.233333333333362 -1.420499493912348 
 3.240000000000029 -1.478098000000073 
 3.246666666666695 -1.455625622068787 
 3.253333333333362 -1.357768370240301 
 3.260000000000029 -1.192609999999141 
 3.266666666666696 -0.970970279001304 
 3.273333333333363 -0.705556356125833 
 3.280000000000030 -0.409825999998633 
 3.286666666666696 -0.097371913592522 
 3.293333333333363 0.218934273352023 
 3.300000000000030 0.527452000001364 
 3.306666666666697 0.818076896095987 
 3.313333333333364 1.082722812666457 
 3.320000000000030 1.315237000000988 
 3.326666666666697 1.511396273735699 
 3.333333333333364 1.668983992853437 
 3.340000000000031 1.787400000000462 
 3.346666666666698 1.867487010268016 
 3.353333333333365 1.911361050236984 
 3.360000000000031 1.922001999999977 
 3.366666666666698 1.903054129272421 
 3.373333333333365 1.858589969722225 
 3.380000000000032 1.792839999999640 
 3.386666666666699 1.710051984733055 
 3.393333333333366 1.614304562914564 
 3.400000000000032 1.509400999999474 
 3.406666666666699 1.398806064403094 
 3.413333333333366 1.285546466643218 
 3.420000000000033 1.172224999999445 
 3.426666666666700 1.061016731731756 
 3.433333333333366 0.953641599726890 
 3.440000000000033 0.851434999999504 
 3.446666666666700 0.755374179848043 
 3.453333333333367 0.666092744354343 
 3.460000000000034 0.583958999999603 
 3.466666666666701 0.509109712072351 
 3.473333333333367 0.441480969387233 
 3.480000000000034 0.380866999999707 
 3.486666666666701 0.326947418798829 
 3.493333333333368 0.279316938181929 
 3.500000000000035 0.237521999999797 
 3.506666666666701 0.201077817781032 
 3.513333333333368 0.169487387384726 
 3.520000000000035 0.142259999999867 
 3.526666666666702 0.118919919026620 
 3.533333333333369 0.099016151872737 
 3.540000000000036 0.082126999999917 
 3.546666666666702 0.067863159704113 
 3.553333333333369 0.055873146242152 
 3.560000000000036 0.045838999999951 
 3.566666666666703 0.037476057572532 
 3.573333333333370 0.030536414036612 
 3.580000000000036 0.024800999999972 
 3.586666666666703 0.020077720385894 
 3.593333333333370 0.016203391011565 
 3.600000000000037 0.013036999999984 
 3.606666666666704 0.010457583385820 
 3.613333333333371 0.008364171236635 
 3.620000000000037 0.006670999999992 
 3.626666666666704 0.005305706274993 
 3.633333333333371 0.004208339634782 
 3.640000000000038 0.003328999999996 
 3.646666666666705 0.002626600760455 
 3.653333333333372 0.002067250317039 
 3.660000000000038 0.001622999999998 
 3.666666666666705 0.001271148815857 
 3.673333333333372 0.000993201840837 
 3.680000000000039 0.000773999999999 
 3.686666666666706 0.000601519698608 
 3.693333333333372 0.000466945825059 
 3.700000000000039 0.000361999999999 
 3.706666666666706 0.000279201038738 
 3.713333333333373 0.000215150821108 
 3.720000000000040 0.000166000000000 
 3.726666666666707 0.000127146695579 
 3.733333333333373 0.000096869374163 
 3.740000000000040 0.000074000000000 
 3.746666666666707 0.000057000847512 
 3.753333333333374 0.000043650046803 
 3.760000000000041 0.000033000000000 
 3.766666666666707 0.000025198502926 
 3.773333333333374 0.000019046095894 
 3.780000000000041 0.000014000000000 
 3.786666666666708 0.000010370786043 
 3.793333333333375 0.000007847147561 
 3.800000000000042 0.000006000000000 
 3.806666666666708 0.000004548057227 
 3.813333333333375 0.000003591747741 
 3.820000000000042 0.000003000000000 
 3.826666666666709 0.000002376089206 
 3.833333333333376 0.000001585468967 
 3.840000000000042 0.000001000000000 
 3.846666666666709 0.000001050524997 
 3.853333333333376 0.000000715928903 
 3.860000000000043 -0.000000000000000 
 3.866666666666710 -0.000000076146657 
 3.873333333333377 0.000000030128266 
 3.880000000000043 -0.000000000000000 
 3.886666666666710 -0.000000005467084 
 3.893333333333377 0.000000002163112 
 3.900000000000044 -0.000000000000000 
 3.906666666666711 -0.000000000392519 
 3.913333333333378 0.000000000155304 
 3.920000000000044 -0.000000000000000 
 3.926666666666711 -0.000000000028182 
 3.933333333333378 0.000000000011150 
 3.940000000000045 -0.000000000000000 
 3.946666666666712 -0.000000000002023 
 3.953333333333378 0.000000000000801 
 3.960000000000045 -0.000000000000000 
 3.966666666666712 -0.000000000000145 
 3.973333333333379 0.000000000000058 
 3.980000000000046 -0.000000000000000 
 3.986666666666713 -0.000000000000011 
 3.993333333333379 0.000000000000005 
