 2.000000000000000 0.000013098440097 
 2.006666666666667 0.000011308977449 
 2.013333333333334 0.000009690109056 
 2.020000000000000 0.000008233305204 
 2.026666666666667 0.000006930036181 
 2.033333333333334 0.000005771772275 
 2.040000000000001 0.000004749983772 
 2.046666666666668 0.000003856140959 
 2.053333333333335 0.000003081714125 
 2.060000000000001 0.000002418173556 
 2.066666666666668 0.000001856989540 
 2.073333333333335 0.000001389632364 
 2.080000000000002 0.000001007572315 
 2.086666666666669 0.000000702279681 
 2.093333333333335 0.000000465224748 
 2.100000000000002 0.000000287877804 
 2.106666666666669 0.000000161709137 
 2.113333333333336 0.000000078189033 
 2.120000000000003 0.000000028787780 
 2.126666666666670 0.000000004975666 
 2.133333333333336 -0.000000001777023 
 2.140000000000003 0.000000000000000 
 2.146666666666670 0.000000001777023 
 2.153333333333337 -0.000000003909452 
 2.160000000000004 0.000000000000000 
 2.166666666666671 0.000000020968877 
 2.173333333333337 -0.000000052955300 
 2.180000000000004 0.000000000000000 
 2.186666666666671 0.000000588083552 
 2.193333333333338 0.000001447720440 
 2.200000000000005 0.000003000000000 
 2.206666666666671 0.000006693682337 
 2.213333333333338 0.000014802522934 
 2.220000000000005 0.000033000000000 
 2.226666666666672 0.000072049395085 
 2.233333333333339 0.000151009822865 
 2.240000000000006 0.000308000000000 
 2.246666666666672 0.000610479330332 
 2.253333333333339 0.001178334997178 
 2.260000000000006 0.002216000000001 
 2.266666666666673 0.004047142711041 
 2.273333333333340 0.007195494952433 
 2.280000000000006 0.012453000000007 
 2.286666666666673 0.020944814920515 
 2.293333333333340 0.034269594336844 
 2.300000000000007 0.054519000000026 
 2.306666666666674 0.084272747657546 
 2.313333333333341 0.126553344281726 
 2.320000000000007 0.184461000000076 
 2.326666666666674 0.260809652284717 
 2.333333333333341 0.357305336717813 
 2.340000000000008 0.473598000000151 
 2.346666666666675 0.606522347290303 
 2.353333333333341 0.748618666062447 
 2.360000000000008 0.887934000000168 
 2.366666666666675 1.008124209777429 
 2.373333333333342 1.089048988154190 
 2.380000000000009 1.109924999999979 
 2.386666666666676 1.051969885888170 
 2.393333333333342 0.903761797724793 
 2.400000000000009 0.665486999999608 
 2.406666666666676 0.351438748214031 
 2.413333333333343 -0.006355042226040 
 2.420000000000010 -0.362658000000495 
 2.426666666666677 -0.663434040515203 
 2.433333333333343 -0.855562314808456 
 2.440000000000010 -0.899566999999940 
 2.446666666666677 -0.777586130236601 
 2.453333333333344 -0.505946957682436 
 2.460000000000011 -0.132314999999359 
 2.466666666666677 0.269137439420990 
 2.473333333333344 0.610525240580673 
 2.480000000000011 0.813642000000187 
 2.486666666666678 0.824603948788626 
 2.493333333333345 0.636965473953673 
 2.500000000000012 0.291649999999309 
 2.506666666666678 -0.128163526748687 
 2.513333333333345 -0.513491605222807 
 2.520000000000012 -0.763271000000275 
 2.526666666666679 -0.804888175111611 
 2.533333333333346 -0.625547687805247 
 2.540000000000012 -0.271340999999232 
 2.546666666666679 0.160425630739897 
 2.553333333333346 0.544852753719851 
 2.560000000000013 0.771602000000228 
 2.566666666666680 0.769035338791904 
 2.573333333333347 0.538470388022440 
 2.580000000000013 0.145960999999129 
 2.586666666666680 -0.291093998760973 
 2.593333333333347 -0.638280728803826 
 2.600000000000014 -0.790514000000063 
 2.606666666666681 -0.696109617729764 
 2.613333333333347 -0.386554554231148 
 2.620000000000014 0.044306000000952 
 2.626666666666681 0.461115757945330 
 2.633333333333348 0.732217636222545 
 2.640000000000015 0.773483999999810 
 2.646666666666682 0.567939043767854 
 2.653333333333348 0.183952572452637 
 2.660000000000015 -0.259386000000959 
 2.666666666666682 -0.619649145185427 
 2.673333333333349 -0.783058399649252 
 2.680000000000016 -0.698844999999518 
 2.686666666666683 -0.390945335613893 
 2.693333333333349 0.039364536162980 
 2.700000000000016 0.458549000000874 
 2.706666666666683 0.731611224355473 
 2.713333333333350 0.774423239248903 
 2.720000000000017 0.574298999999244 
 2.726666666666683 0.192531809917962 
 2.733333333333350 -0.248097482971741 
 2.740000000000017 -0.612945000000716 
 2.746666666666684 -0.786027144747721 
 2.753333333333351 -0.716989889726794 
 2.760000000000018 -0.427571999999003 
 2.766666666666684 -0.006117132680225 
 2.773333333333351 0.416174360122860 
 2.780000000000018 0.713819000000543 
 2.786666666666685 0.794591361281796 
 2.793333333333352 0.638195227728707 
 2.800000000000018 0.291557999998853 
 2.806666666666685 -0.142121587151049 
 2.813333333333352 -0.533264060799432 
 2.820000000000019 -0.769989000000373 
 2.826666666666686 -0.781609211008895 
 2.833333333333353 -0.569073782611364 
 2.840000000000019 -0.193481999998761 
 2.846666666666686 0.237494188577985 
 2.853333333333353 0.601078400523968 
 2.860000000000020 0.797978000000268 
 2.866666666666687 0.772164332564901 
 2.873333333333354 0.535119019564417 
 2.880000000000020 0.151887999998706 
 2.886666666666687 -0.272725903034094 
 2.893333333333354 -0.623952904386068 
 2.900000000000021 -0.810779000000259 
 2.906666666666688 -0.783072049098807 
 2.913333333333354 -0.552340384661011 
 2.920000000000021 -0.178832999998677 
 2.926666666666688 0.240719623052444 
 2.933333333333355 0.599075963562411 
 2.940000000000022 0.808505000000369 
 2.946666666666689 0.816380105148245 
 2.953333333333355 0.624826133780853 
 2.960000000000022 0.281479999998692 
 2.966666666666689 -0.129916484306149 
 2.973333333333356 -0.510119942469558 
 2.980000000000023 -0.771479000000604 
 2.986666666666689 -0.852685626156086 
 2.993333333333356 -0.738713328339289 
 3.000000000000023 -0.457069999998801 
 3.006666666666690 -0.072235763361198 
 3.013333333333357 0.328217716080179 
 3.020000000000024 0.657589000000943 
 3.026666666666690 0.843904272412990 
 3.033333333333357 0.850171575665674 
 3.040000000000024 0.677091999999090 
 3.046666666666691 0.361987577138172 
 3.053333333333358 -0.027237027126866 
 3.060000000000024 -0.411570000001298 
 3.066666666666691 -0.712947414682706 
 3.073333333333358 -0.873264251718137 
 3.080000000000025 -0.863241999999638 
 3.086666666666692 -0.685830123424781 
 3.093333333333359 -0.378286385812025 
 3.100000000000025 0.000681000001484 
 3.106666666666692 0.379609501537793 
 3.113333333333359 0.689190220701994 
 3.120000000000026 0.875163000000428 
 3.126666666666693 0.905047404194780 
 3.133333333333360 0.776833068219264 
 3.140000000000026 0.514513999998761 
 3.146666666666693 0.164254638673289 
 3.153333333333360 -0.213360821177263 
 3.160000000000027 -0.556237000001221 
 3.166666666666694 -0.808355722008107 
 3.173333333333360 -0.931187120236762 
 3.180000000000027 -0.907372999999604 
 3.186666666666694 -0.742055968998680 
 3.193333333333361 -0.463510713986522 
 3.200000000000028 -0.114944999998488 
 3.206666666666695 0.250795563421570 
 3.213333333333361 0.579986791074536 
 3.220000000000028 0.826368000000806 
 3.226666666666695 0.955781893918074 
 3.233333333333362 0.952750196421134 
 3.240000000000029 0.819751999999178 
 3.246666666666695 0.576332544020502 
 3.253333333333362 0.257003144010439 
 3.260000000000029 -0.095918000001557 
 3.266666666666696 -0.436655388725946 
 3.273333333333363 -0.722783402477617 
 3.280000000000030 -0.920265000000644 
 3.286666666666696 -1.006236912091323 
 3.293333333333363 -0.972949519423700 
 3.300000000000030 -0.826309999999103 
 3.306666666666697 -0.584834195365822 
 3.313333333333364 -0.277760017607766 
 3.320000000000030 0.060127000001566 
 3.326666666666697 0.391570547323821 
 3.333333333333364 0.681565976599338 
 3.340000000000031 0.900903000000821 
 3.346666666666698 1.028186561584281 
 3.353333333333365 1.052818134427604 
 3.360000000000031 0.974360999999396 
 3.366666666666698 0.802130129666306 
 3.373333333333365 0.554525720203682 
 3.380000000000032 0.255723999998488 
 3.386666666666699 -0.066251820317167 
 3.393333333333366 -0.382432792299904 
 3.400000000000032 -0.665763000001257 
 3.406666666666699 -0.892767243716481 
 3.413333333333366 -1.046077701272610 
 3.420000000000033 -1.114942000000122 
 3.426666666666700 -1.095556999109084 
 3.433333333333366 -0.991651210694936 
 3.440000000000033 -0.812917999998943 
 3.446666666666700 -0.574159225296089 
 3.453333333333367 -0.294097137354433 
 3.460000000000034 0.006727000001539 
 3.466666666666701 0.307148030132461 
 3.473333333333367 0.587134287714276 
 3.480000000000034 0.829029000001116 
 3.486666666666701 1.018301461946695 
 3.493333333333368 1.144738387559723 
 3.500000000000035 1.202376000000116 
 3.506666666666701 1.189532177851798 
 3.513333333333368 1.108985730708534 
 3.520000000000035 0.967016999999107 
 3.526666666666702 0.772923620574227 
 3.533333333333369 0.538418916441257 
 3.540000000000036 0.276522999998556 
 3.546666666666702 0.000955732423961 
 3.553333333333369 -0.274717307921720 
 3.560000000000036 -0.537782000001364 
 3.566666666666703 -0.776792366620233 
 3.573333333333370 -0.982224227327178 
 3.580000000000036 -1.146588000000775 
 3.586666666666703 -1.264542976203302 
 3.593333333333370 -1.333157689461050 
 3.600000000000037 -1.351580999999964 
 3.606666666666704 -1.320911781701178 
 3.613333333333371 -1.244108573272754 
 3.620000000000037 -1.125496999999229 
 3.626666666666704 -0.970529782431810 
 3.633333333333371 -0.785503521549526 
 3.640000000000038 -0.577140999998767 
 3.646666666666705 -0.352367246430135 
 3.653333333333372 -0.118001617323273 
 3.660000000000038 0.119471000001358 
 3.666666666666705 0.354039443504885 
 3.673333333333372 0.580389767895977 
 3.680000000000039 0.793939000001193 
 3.686666666666706 0.990878714741502 
 3.693333333333372 1.168283590073600 
 3.700000000000039 1.324012000000846 
 3.706666666666706 1.456677859159144 
 3.713333333333373 1.565659678307757 
 3.720000000000040 1.650947000000436 
 3.726666666666707 1.713078350514961 
 3.733333333333373 1.753093832154009 
 3.740000000000040 1.772386000000057 
 3.746666666666707 1.772632973972654 
 3.753333333333374 1.755730971846317 
 3.760000000000041 1.723691999999762 
 3.766666666666707 1.678591396214029 
 3.773333333333374 1.622500292214863 
 3.780000000000041 1.557435999999573 
 3.786666666666708 1.485331535990562 
 3.793333333333375 1.407986156203409 
 3.800000000000042 1.327055999999485 
 3.806666666666708 1.244042552103951 
 3.813333333333375 1.160264302046281 
 3.820000000000042 1.076872999999475 
 3.826666666666709 0.994855637915538 
 3.833333333333376 0.915024257636083 
 3.840000000000042 0.838040999999518 
 3.846666666666709 0.764426860201265 
 3.853333333333376 0.694564823383413 
 3.860000000000043 0.628725999999588 
 3.866666666666710 0.567079701203997 
 3.873333333333377 0.509700121588785 
 3.880000000000043 0.456589999999667 
 3.886666666666710 0.407689956659312 
 3.893333333333377 0.362885249234242 
 3.900000000000044 0.322023999999743 
 3.906666666666711 0.284924358696698 
 3.913333333333378 0.251379589916182 
 3.920000000000044 0.221169999999809 
 3.926666666666711 0.194067953986134 
 3.933333333333378 0.169842157742973 
 3.940000000000045 0.148262999999863 
 3.946666666666712 0.129105478592691 
 3.953333333333378 0.112153248116886 
 3.960000000000045 0.097198999999905 
 3.966666666666712 0.084045746312983 
 3.973333333333379 0.072510575153971 
 3.980000000000046 0.062422999999935 
 3.986666666666713 0.053624895715991 
 3.993333333333379 0.045972026261795 
