 2.000000000000000 0.000002334377650 
 2.006666666666667 0.000002035890208 
 2.013333333333334 0.000001763957856 
 2.020000000000000 0.000001517345473 
 2.026666666666667 0.000001294817938 
 2.033333333333334 0.000001095140132 
 2.040000000000001 0.000000917076934 
 2.046666666666668 0.000000759393223 
 2.053333333333335 0.000000620853879 
 2.060000000000001 0.000000500223782 
 2.066666666666668 0.000000396267811 
 2.073333333333335 0.000000307750845 
 2.080000000000002 0.000000233437765 
 2.086666666666669 0.000000172093449 
 2.093333333333335 0.000000122482778 
 2.100000000000002 0.000000083370630 
 2.106666666666669 0.000000053521886 
 2.113333333333336 0.000000031701425 
 2.120000000000003 0.000000016674126 
 2.126666666666670 0.000000007204869 
 2.133333333333336 0.000000002058534 
 2.140000000000003 -0.000000000000000 
 2.146666666666670 -0.000000000205853 
 2.153333333333337 0.000000000205853 
 2.160000000000004 -0.000000000000000 
 2.166666666666671 -0.000000000823414 
 2.173333333333337 0.000000002058534 
 2.180000000000004 -0.000000000000000 
 2.186666666666671 -0.000000011321937 
 2.193333333333338 0.000000028613624 
 2.200000000000005 -0.000000000000000 
 2.206666666666671 -0.000000453980007 
 2.213333333333338 -0.000001860727061 
 2.220000000000005 -0.000005000000000 
 2.226666666666672 -0.000011418472235 
 2.233333333333339 -0.000025041755438 
 2.240000000000006 -0.000054000000000 
 2.246666666666672 -0.000112737964623 
 2.253333333333339 -0.000227390515732 
 2.260000000000006 -0.000447000000000 
 2.266666666666673 -0.000855061180633 
 2.273333333333340 -0.001596240279620 
 2.280000000000006 -0.002909000000002 
 2.286666666666673 -0.005160674119787 
 2.293333333333340 -0.008929047473014 
 2.300000000000007 -0.015068000000008 
 2.306666666666674 -0.024769228348216 
 2.313333333333341 -0.039694646564746 
 2.320000000000007 -0.061993000000030 
 2.326666666666674 -0.094297485718073 
 2.333333333333341 -0.139693078507292 
 2.340000000000008 -0.201395000000085 
 2.346666666666675 -0.282433534667293 
 2.353333333333341 -0.384946859944049 
 2.360000000000008 -0.509330000000171 
 2.366666666666675 -0.653534258882000 
 2.373333333333342 -0.811671071818832 
 2.380000000000009 -0.973620000000212 
 2.386666666666676 -1.124886793382020 
 2.393333333333342 -1.246590293665103 
 2.400000000000009 -1.317740000000054 
 2.406666666666676 -1.317209366982317 
 2.413333333333343 -1.227839150601864 
 2.420000000000010 -1.040672999999653 
 2.426666666666677 -0.757824825852410 
 2.433333333333343 -0.397372111059614 
 2.440000000000010 0.007760000000633 
 2.446666666666677 0.411504990227764 
 2.453333333333344 0.759143966130187 
 2.460000000000011 0.997773000000268 
 2.466666666666677 1.083708614959250 
 2.473333333333344 0.995702377616751 
 2.480000000000011 0.740475999999452 
 2.486666666666678 0.354615100683007 
 2.493333333333345 -0.095109383195628 
 2.500000000000012 -0.526782000000680 
 2.506666666666678 -0.854595612795003 
 2.513333333333345 -1.009803890493346 
 2.520000000000012 -0.956449999999712 
 2.526666666666679 -0.699003827955009 
 2.533333333333346 -0.290811528154202 
 2.540000000000012 0.181904000000875 
 2.546666666666679 0.613152910305109 
 2.553333333333346 0.903058718545053 
 2.560000000000013 0.983087999999926 
 2.566666666666680 0.829079905549946 
 2.573333333333347 0.477374513705612 
 2.580000000000013 0.009772999999024 
 2.586666666666680 -0.460147380746860 
 2.593333333333347 -0.815631156284334 
 2.600000000000014 -0.968636000000066 
 2.606666666666681 -0.876604198956686 
 2.613333333333347 -0.563833590567454 
 2.620000000000014 -0.107418999998954 
 2.626666666666681 0.376601706458216 
 2.633333333333348 0.763287925365133 
 2.640000000000015 0.954420000000154 
 2.646666666666682 0.897305348617128 
 2.653333333333348 0.608894175299603 
 2.660000000000015 0.162382999998894 
 2.666666666666682 -0.326548159146148 
 2.673333333333349 -0.730090508195619 
 2.680000000000016 -0.945314000000223 
 2.686666666666683 -0.913733206277753 
 2.693333333333349 -0.646479401138788 
 2.700000000000016 -0.211851999998843 
 2.706666666666683 0.277815086067287 
 2.713333333333350 0.695422818166268 
 2.720000000000017 0.935852000000308 
 2.726666666666683 0.935542707499884 
 2.733333333333350 0.698012373973195 
 2.740000000000017 0.283392999998811 
 2.746666666666684 -0.203216255138672 
 2.753333333333351 -0.638266952899937 
 2.760000000000018 -0.915183000000451 
 2.766666666666684 -0.963609427572209 
 2.773333333333351 -0.775250603447678 
 2.780000000000018 -0.396902999998786 
 2.786666666666685 0.078661898754845 
 2.793333333333352 0.534663208325067 
 2.800000000000018 0.863592000000656 
 2.806666666666685 0.985905602714277 
 2.813333333333352 0.876290371834961 
 2.820000000000019 0.561759999998868 
 2.826666666666686 0.116126798503881 
 2.833333333333353 -0.355611372997318 
 2.840000000000019 -0.747377000000933 
 2.846666666666686 -0.969698312530044 
 2.853333333333353 -0.975977630816671 
 2.860000000000020 -0.766818999999087 
 2.866666666666687 -0.388941285030696 
 2.873333333333354 0.072513726744746 
 2.880000000000020 0.519267000001242 
 2.886666666666687 0.855604322082507 
 2.893333333333354 1.013174990408884 
 2.900000000000021 0.961712999999512 
 2.906666666666688 0.712695275656487 
 2.913333333333354 0.320393768607049 
 2.920000000000021 -0.136329000001464 
 2.926666666666688 -0.566189129544328 
 2.933333333333355 -0.886105526187681 
 2.940000000000022 -1.036808000000174 
 2.946666666666689 -0.990516904075077 
 2.953333333333355 -0.759952913001889 
 2.960000000000022 -0.389410999998606 
 2.966666666666689 0.052153953968547 
 2.973333333333356 0.484246151554853 
 2.980000000000023 0.831736000000961 
 2.986666666666689 1.034423592947931 
 2.993333333333356 1.060769219937021 
 3.000000000000023 0.908921999999189 
 3.006666666666690 0.605973939889648 
 3.013333333333357 0.204619075714595 
 3.020000000000024 -0.229976000001509 
 3.026666666666690 -0.628303841883322 
 3.033333333333357 -0.929428419171772 
 3.040000000000024 -1.089475000000287 
 3.046666666666691 -1.085942578091009 
 3.053333333333358 -0.923096795959994 
 3.060000000000024 -0.626921999998721 
 3.066666666666691 -0.241511658802369 
 3.073333333333358 0.177416164609367 
 3.080000000000025 0.572565000001360 
 3.086666666666692 0.890921651134041 
 3.093333333333359 1.092540174544815 
 3.100000000000025 1.153864999999953 
 3.106666666666692 1.069285626517710 
 3.113333333333359 0.852855575307701 
 3.120000000000026 0.533159999998615 
 3.126666666666693 0.150087305306849 
 3.133333333333360 -0.250387379482480 
 3.140000000000026 -0.622839000001352 
 3.146666666666693 -0.926215129979337 
 3.153333333333360 -1.129507406560893 
 3.160000000000027 -1.213560000000084 
 3.166666666666694 -1.171998162041419 
 3.173333333333360 -1.012441830881049 
 3.180000000000027 -0.753249999998779 
 3.186666666666694 -0.421590286754082 
 3.193333333333361 -0.050498892451604 
 3.200000000000028 0.325438000001515 
 3.206666666666695 0.672562369687690 
 3.213333333333361 0.961815706908948 
 3.220000000000028 1.170586000000683 
 3.226666666666695 1.283775610512766 
 3.233333333333362 1.295417159533806 
 3.240000000000029 1.207501999999424 
 3.246666666666695 1.029356621932175 
 3.253333333333362 0.776819489529449 
 3.260000000000029 0.469769999998563 
 3.266666666666696 0.130762281734758 
 3.273333333333363 -0.216909083883686 
 3.280000000000030 -0.551035000001430 
 3.286666666666696 -0.851535825774539 
 3.293333333333363 -1.102013774993104 
 3.300000000000030 -1.290108000000697 
 3.306666666666697 -1.407752287007266 
 3.313333333333364 -1.451663099340807 
 3.320000000000030 -1.422554999999704 
 3.326666666666697 -1.324769599730069 
 3.333333333333364 -1.165868134296434 
 3.340000000000031 -0.955521999998916 
 3.346666666666698 -0.704934998110043 
 3.353333333333365 -0.426086336375570 
 3.360000000000031 -0.130940999998584 
 3.366666666666698 0.168988959507409 
 3.373333333333365 0.463276647243954 
 3.380000000000032 0.742833000001292 
 3.386666666666699 1.000076616381594 
 3.393333333333366 1.229234916292670 
 3.400000000000032 1.426178000000875 
 3.406666666666699 1.588367632783598 
 3.413333333333366 1.714861217877975 
 3.420000000000033 1.805963000000364 
 3.426666666666700 1.863069798135864 
 3.433333333333366 1.888520837696352 
 3.440000000000033 1.885260999999918 
 3.446666666666700 1.856682911486543 
 3.453333333333367 1.806452139500094 
 3.460000000000034 1.738298999999616 
 3.466666666666701 1.655910814530133 
 3.473333333333367 1.562790967160579 
 3.480000000000034 1.462186999999470 
 3.486666666666701 1.357045306755651 
 3.493333333333368 1.249935326680017 
 3.500000000000035 1.143066999999449 
 3.506666666666701 1.038290146722306 
 3.513333333333368 0.937074310070070 
 3.520000000000035 0.840567999999506 
 3.526666666666702 0.749620191807646 
 3.533333333333369 0.664790606899863 
 3.540000000000036 0.586415999999600 
 3.546666666666702 0.514637094145926 
 3.553333333333369 0.449419593940664 
 3.560000000000036 0.390605999999700 
 3.566666666666703 0.337938459573061 
 3.573333333333370 0.291081004569734 
 3.580000000000036 0.249650999999788 
 3.586666666666703 0.213233895435720 
 3.593333333333370 0.181399803371820 
 3.600000000000037 0.153719999999858 
 3.606666666666704 0.129774298751467 
 3.613333333333371 0.109158724119187 
 3.620000000000037 0.091491999999909 
 3.626666666666704 0.076418990789982 
 3.633333333333371 0.063615223186947 
 3.640000000000038 0.052783999999944 
 3.646666666666705 0.043656609346250 
 3.653333333333372 0.035995807906263 
 3.660000000000038 0.029589999999967 
 3.666666666666705 0.024251836354369 
 3.673333333333372 0.019819568982689 
 3.680000000000039 0.016151999999981 
 3.686666666666706 0.013126729244881 
 3.693333333333372 0.010639602296096 
 3.700000000000039 0.008600999999989 
 3.706666666666706 0.006934632333408 
 3.713333333333373 0.005577270570220 
 3.720000000000040 0.004474999999994 
 3.726666666666707 0.003582012311824 
 3.733333333333373 0.002860481983371 
 3.740000000000040 0.002278999999997 
 3.746666666666707 0.001811688180337 
 3.753333333333374 0.001436958678505 
 3.760000000000041 0.001136999999998 
 3.766666666666707 0.000897548138853 
 3.773333333333374 0.000707532108316 
 3.780000000000041 0.000556999999999 
 3.786666666666708 0.000437170948801 
 3.793333333333375 0.000342527874974 
 3.800000000000042 0.000268000000000 
 3.806666666666708 0.000208734033254 
 3.813333333333375 0.000162191474661 
 3.820000000000042 0.000126000000000 
 3.826666666666709 0.000097661072308 
 3.833333333333376 0.000075819436950 
 3.840000000000042 0.000059000000000 
 3.846666666666709 0.000045595053130 
 3.853333333333376 0.000035095457452 
 3.860000000000043 0.000027000000000 
 3.866666666666710 0.000020632634477 
 3.873333333333377 0.000015702152565 
 3.880000000000043 0.000012000000000 
 3.886666666666710 0.000009224792507 
 3.893333333333377 0.000006808752530 
 3.900000000000044 0.000005000000000 
 3.906666666666711 0.000004366312473 
 3.913333333333378 0.000003324086557 
 3.920000000000044 0.000002000000000 
 3.926666666666711 0.000001977656193 
 3.933333333333378 0.000001728459275 
 3.940000000000045 0.000001000000000 
 3.946666666666712 0.000001024577933 
 3.953333333333378 0.000000726195145 
 3.960000000000045 -0.000000000000000 
 3.966666666666712 -0.000000078009572 
 3.973333333333379 0.000000030865349 
 3.980000000000046 -0.000000000000000 
 3.986666666666713 -0.000000005600835 
 3.993333333333379 0.000000002216032 
