 2.000000000000000 -0.000010272814361 
 2.006666666666667 -0.000009038323470 
 2.013333333333334 -0.000007906784532 
 2.020000000000000 -0.000006873721374 
 2.026666666666667 -0.000005934657824 
 2.033333333333334 -0.000005085117712 
 2.040000000000001 -0.000004320624864 
 2.046666666666668 -0.000003636703109 
 2.053333333333335 -0.000003028876275 
 2.060000000000001 -0.000002492668191 
 2.066666666666668 -0.000002023602684 
 2.073333333333335 -0.000001617203582 
 2.080000000000002 -0.000001268994715 
 2.086666666666669 -0.000000974499910 
 2.093333333333335 -0.000000729242995 
 2.100000000000002 -0.000000528747798 
 2.106666666666669 -0.000000368538148 
 2.113333333333336 -0.000000244137872 
 2.120000000000003 -0.000000151070799 
 2.126666666666670 -0.000000084860758 
 2.133333333333336 -0.000000041031575 
 2.140000000000003 -0.000000015107080 
 2.146666666666670 -0.000000002611100 
 2.153333333333337 0.000000000932536 
 2.160000000000004 -0.000000000000000 
 2.166666666666671 -0.000000000932536 
 2.173333333333337 0.000000002051579 
 2.180000000000004 -0.000000000000000 
 2.186666666666671 -0.000000011003922 
 2.193333333333338 0.000000027789567 
 2.200000000000005 -0.000000000000000 
 2.206666666666671 -0.000000153122378 
 2.213333333333338 0.000000461076431 
 2.220000000000005 0.000002000000000 
 2.226666666666672 0.000004163586924 
 2.233333333333339 0.000008760613795 
 2.240000000000006 0.000019000000000 
 2.246666666666672 0.000040184080057 
 2.253333333333339 0.000082891220407 
 2.260000000000006 0.000167000000000 
 2.266666666666673 0.000326969089434 
 2.273333333333340 0.000625272027459 
 2.280000000000006 0.001169000000001 
 2.286666666666673 0.002128864653494 
 2.293333333333340 0.003784880126975 
 2.300000000000007 0.006572000000004 
 2.306666666666674 0.011126654577989 
 2.313333333333341 0.018391827527946 
 2.320000000000007 0.029676000000016 
 2.326666666666674 0.046704929067923 
 2.333333333333341 0.071726446004913 
 2.340000000000008 0.107435000000050 
 2.346666666666675 0.156885278298611 
 2.353333333333341 0.223278860984894 
 2.360000000000008 0.309466000000123 
 2.366666666666675 0.417493707852587 
 2.373333333333342 0.547639792967702 
 2.380000000000009 0.697596000000211 
 2.386666666666676 0.861842150154318 
 2.393333333333342 1.030467425745904 
 2.400000000000009 1.189418000000207 
 2.406666666666676 1.320867505416151 
 2.413333333333343 1.404212093397991 
 2.420000000000010 1.419025999999962 
 2.426666666666677 1.347413814558556 
 2.433333333333343 1.178629141084110 
 2.440000000000010 0.912405999999522 
 2.446666666666677 0.561018787294489 
 2.453333333333344 0.152477215116884 
 2.460000000000011 -0.272650000000667 
 2.466666666666677 -0.664204866502299 
 2.473333333333344 -0.968887351661439 
 2.480000000000011 -1.140257000000153 
 2.486666666666678 -1.145442584985786 
 2.493333333333345 -0.976580101334729 
 2.500000000000012 -0.653070999999329 
 2.506666666666678 -0.221500175152167 
 2.513333333333345 0.247044562599339 
 2.520000000000012 0.672042000000675 
 2.526666666666679 0.974200392103690 
 2.533333333333346 1.094499459195785 
 2.540000000000012 1.006224999999641 
 2.546666666666679 0.720562627561287 
 2.553333333333346 0.292285940215153 
 2.560000000000013 -0.195352000000934 
 2.566666666666680 -0.642377235865773 
 2.573333333333347 -0.954586629504548 
 2.580000000000013 -1.065099999999991 
 2.586666666666680 -0.945796929671457 
 2.593333333333347 -0.622155345865317 
 2.600000000000014 -0.162215999998976 
 2.606666666666681 0.333688368607145 
 2.613333333333347 0.754709639230509 
 2.620000000000014 1.007502000000307 
 2.626666666666681 1.031993571639153 
 2.633333333333348 0.823593517304324 
 2.640000000000015 0.428118999998985 
 2.646666666666682 -0.065498995285831 
 2.653333333333348 -0.543418730293888 
 2.660000000000015 -0.897871000000591 
 2.666666666666682 -1.045384061180736 
 2.673333333333349 -0.953853889553350 
 2.680000000000016 -0.643998999999070 
 2.686666666666683 -0.185832157539796 
 2.693333333333349 0.314029609873693 
 2.700000000000016 0.743157000000857 
 2.706666666666683 1.002196966718402 
 2.713333333333350 1.034262798139439 
 2.720000000000017 0.832940999999243 
 2.726666666666683 0.442981987888603 
 2.733333333333350 -0.045465213696415 
 2.740000000000017 -0.524586000001104 
 2.746666666666684 -0.886737099225187 
 2.753333333333351 -1.053561234316213 
 2.760000000000018 -0.990123999999525 
 2.766666666666684 -0.709964895549984 
 2.773333333333351 -0.277128659321251 
 2.780000000000018 0.215770000001329 
 2.786666666666685 0.662571968919453 
 2.793333333333352 0.969537151949211 
 2.800000000000018 1.074382999999979 
 2.806666666666685 0.955283090037315 
 2.813333333333352 0.640611156972648 
 2.820000000000019 0.195291999998622 
 2.826666666666686 -0.289638338018244 
 2.833333333333353 -0.716657769131831 
 2.840000000000019 -1.003189000000569 
 2.846666666666686 -1.093221081533636 
 2.853333333333353 -0.973050998877997 
 2.860000000000020 -0.667564999998859 
 2.866666666666687 -0.235799729379084 
 2.873333333333354 0.239447673719912 
 2.880000000000020 0.671468000001171 
 2.886666666666687 0.981447425763142 
 2.893333333333354 1.116391245752599 
 2.900000000000021 1.055006999999504 
 2.906666666666688 0.809545097460969 
 2.913333333333354 0.425886174222420 
 2.920000000000021 -0.030035000001490 
 2.926666666666688 -0.481055505740530 
 2.933333333333355 -0.853435843657548 
 2.940000000000022 -1.088963000000498 
 2.946666666666689 -1.151349807439965 
 2.953333333333355 -1.034688689118507 
 2.960000000000022 -0.759493999998863 
 2.966666666666689 -0.369432428049743 
 2.973333333333356 0.075139825619246 
 2.980000000000023 0.509279000001383 
 2.986666666666689 0.870619814724778 
 2.993333333333356 1.110267840360662 
 3.000000000000023 1.197755000000021 
 3.006666666666690 1.123396463812483 
 3.013333333333357 0.900956976459618 
 3.020000000000024 0.561812999998647 
 3.026666666666690 0.151167493471805 
 3.033333333333357 -0.278233836579417 
 3.040000000000024 -0.674264000001305 
 3.046666666666691 -0.990112258890916 
 3.053333333333358 -1.191237244107299 
 3.060000000000024 -1.257473999999985 
 3.066666666666691 -1.184041229043346 
 3.073333333333358 -0.982716173508924 
 3.080000000000025 -0.677583999998708 
 3.086666666666692 -0.302474873648637 
 3.093333333333359 0.103008703858823 
 3.100000000000025 0.498737000001434 
 3.106666666666692 0.847056220165368 
 3.113333333333359 1.117223657142239 
 3.120000000000026 1.287182000000443 
 3.126666666666693 1.344552770763237 
 3.133333333333360 1.288090199825257 
 3.140000000000026 1.125718999999173 
 3.146666666666693 0.873435459408922 
 3.153333333333360 0.553746695972513 
 3.160000000000027 0.192535999998510 
 3.166666666666694 -0.182691005690336 
 3.173333333333360 -0.545328382118542 
 3.180000000000027 -0.871541000001223 
 3.186666666666694 -1.141339539054620 
 3.193333333333361 -1.340191527095804 
 3.200000000000028 -1.458932000000318 
 3.206666666666695 -1.493774022543721 
 3.213333333333361 -1.446446034251529 
 3.220000000000028 -1.322910999999334 
 3.226666666666695 -1.132713072854240 
 3.233333333333362 -0.888154730207988 
 3.240000000000029 -0.602957999998718 
 3.246666666666695 -0.291547219649511 
 3.253333333333362 0.031931552066261 
 3.260000000000029 0.354324000001397 
 3.266666666666696 0.663877516262599 
 3.273333333333363 0.950858866525565 
 3.280000000000030 1.207571000001069 
 3.286666666666696 1.428404039902319 
 3.293333333333363 1.609988764462104 
 3.300000000000030 1.750807000000545 
 3.306666666666697 1.851021153470056 
 3.313333333333364 1.912315428527776 
 3.320000000000030 1.937440000000038 
 3.326666666666697 1.929988886451939 
 3.333333333333364 1.894137383072694 
 3.340000000000031 1.834322999999672 
 3.346666666666698 1.755079775376998 
 3.353333333333365 1.660819601159480 
 3.360000000000031 1.555696999999483 
 3.366666666666698 1.443530005868125 
 3.373333333333365 1.327677588721379 
 3.380000000000032 1.211045999999443 
 3.386666666666699 1.096079529005597 
 3.393333333333366 0.984722974279921 
 3.400000000000032 0.878495999999498 
 3.406666666666699 0.778521066883505 
 3.413333333333366 0.685538828981644 
 3.420000000000033 0.599992999999597 
 3.426666666666700 0.522067074035809 
 3.433333333333366 0.451718372209082 
 3.440000000000033 0.388744999999703 
 3.446666666666700 0.332816599251830 
 3.453333333333367 0.283507233801305 
 3.460000000000034 0.240335999999796 
 3.466666666666701 0.202786315492939 
 3.473333333333367 0.170328197308242 
 3.480000000000034 0.142437999999868 
 3.486666666666701 0.118607780614381 
 3.493333333333368 0.098356232219603 
 3.500000000000035 0.081234999999918 
 3.506666666666701 0.066831761257875 
 3.513333333333368 0.054773942656222 
 3.520000000000035 0.044725999999952 
 3.526666666666702 0.036389099218907 
 3.533333333333369 0.029502705708933 
 3.540000000000036 0.023837999999973 
 3.546666666666702 0.019195961140627 
 3.553333333333369 0.015407715047002 
 3.560000000000036 0.012327999999985 
 3.566666666666703 0.009832949342732 
 3.573333333333370 0.007819453097454 
 3.580000000000036 0.006199999999992 
 3.586666666666703 0.004901107435541 
 3.593333333333370 0.003863332021179 
 3.600000000000037 0.003036999999996 
 3.606666666666704 0.002380814014172 
 3.613333333333371 0.001861639643557 
 3.620000000000037 0.001451999999998 
 3.626666666666704 0.001129325799941 
 3.633333333333371 0.000876030396057 
 3.640000000000038 0.000677999999999 
 3.646666666666705 0.000523784222061 
 3.653333333333372 0.000403600716068 
 3.660000000000038 0.000310000000000 
 3.666666666666705 0.000237653308917 
 3.673333333333372 0.000181972221498 
 3.680000000000039 0.000139000000000 
 3.686666666666706 0.000105621362041 
 3.693333333333372 0.000080195570093 
 3.700000000000039 0.000061000000000 
 3.706666666666706 0.000046119833737 
 3.713333333333373 0.000034654648691 
 3.720000000000040 0.000026000000000 
 3.726666666666707 0.000019574828796 
 3.733333333333373 0.000014747289358 
 3.740000000000040 0.000011000000000 
 3.746666666666707 0.000008075917554 
 3.753333333333374 0.000006214809728 
 3.760000000000041 0.000005000000000 
 3.766666666666707 0.000003599128070 
 3.773333333333374 0.000002593380163 
 3.780000000000041 0.000002000000000 
 3.786666666666708 0.000001237801356 
 3.793333333333375 0.000000981401446 
 3.800000000000042 0.000001000000000 
 3.806666666666708 0.000000322683508 
 3.813333333333375 -0.000000113019180 
 3.820000000000042 0.000000000000000 
 3.826666666666709 0.000000020508494 
 3.833333333333376 -0.000000008114412 
 3.840000000000042 0.000000000000000 
 3.846666666666709 0.000000001472444 
 3.853333333333376 -0.000000000582589 
 3.860000000000043 0.000000000000000 
 3.866666666666710 0.000000000105717 
 3.873333333333377 -0.000000000041828 
 3.880000000000043 0.000000000000000 
 3.886666666666710 0.000000000007590 
 3.893333333333377 -0.000000000003003 
 3.900000000000044 0.000000000000000 
 3.906666666666711 0.000000000000545 
 3.913333333333378 -0.000000000000216 
 3.920000000000044 0.000000000000000 
 3.926666666666711 0.000000000000040 
 3.933333333333378 -0.000000000000018 
 3.940000000000045 0.000000000000000 
 3.946666666666712 0.000000000000033 
 3.953333333333378 0.000000000000066 
 3.960000000000045 0.000000000000100 
 3.966666666666712 0.000000000000133 
 3.973333333333379 0.000000000000167 
 3.980000000000046 0.000000000000201 
 3.986666666666713 0.000000000000235 
 3.993333333333379 0.000000000000269 
