 0.5000 3.55757 8
 1.0000 4.02487 8
 1.5000 3.60551 8
 2.0000 3.96104 8
 2.5000 3.45429 7
 3.0000 4.71055 6
 3.5000 5.30396 6
 4.0000 5.23568 6
 4.5000 5.74767 6
 5.0000 6.57398 6
 5.5000 6.85782 6
 6.0000 6.72621 6
 6.5000 6.11611 6
 7.0000 5.11272 5
 7.5000 5.14464 5
 8.0000 4.98192 5
 8.5000 4.40944 5
 9.0000 5.95195 5
 9.5000 7.28343 5
 10.0000 8.53080 5
 10.5000 9.76767 5
 0.5000 3.55773 8
 1.0000 4.02516 8
 1.5000 3.60374 8
 2.0000 3.96316 8
 2.5000 3.76651 8
 3.0000 3.80565 8
 3.5000 3.94918 8
 4.0000 3.57942 7
 4.5000 4.49099 6
 5.0000 5.41124 6
 5.5000 5.92796 6
 6.0000 6.27820 6
 6.5000 6.53431 6
 7.0000 6.72588 6
 7.5000 6.86649 6
 8.0000 6.96181 6
 8.5000 7.01226 6
 9.0000 7.01314 6
 9.5000 6.95250 6
 10.0000 6.80394 6
 10.5000 6.50333 6
 11.0000 5.85793 6
 11.5000 5.62375 6
 12.0000 6.65601 6
 12.5000 7.23336 6
 13.0000 7.60661 6
 13.5000 7.86868 6
 14.0000 8.05755 6
 14.5000 8.19202 6
 15.0000 8.28246 6
 15.5000 8.33485 6
 16.0000 8.35252 6
 16.5000 8.33690 6
 17.0000 8.28787 6
 17.5000 8.20369 6
 18.0000 8.08055 6
 18.5000 7.91157 6
 19.0000 7.68450 6
 19.5000 7.37610 6
 20.0000 6.93590 6
 20.5000 6.22591 6
 21.0000 5.23221 6
 21.5000 6.05461 6
 22.0000 7.00151 5
 22.5000 8.19660 5
 23.0000 9.38153 5
 0.5000 3.55773 8
 1.0000 4.02516 8
 1.5000 3.60374 8
 2.0000 3.96316 8
 2.5000 3.76651 8
 3.0000 4.15644 7
 3.5000 4.47172 7
 4.0000 4.28394 7
 4.5000 4.71840 7
 5.0000 4.20720 7
 5.5000 3.82505 7
 6.0000 4.25666 7
 6.5000 4.78981 7
 7.0000 4.58833 7
 7.5000 5.01111 7
 8.0000 4.98352 7
 8.5000 4.74680 7
 9.0000 5.00362 7
 9.5000 4.53397 7
 10.0000 4.05295 6
 10.5000 3.91512 6
 11.0000 5.17495 6
 11.5000 5.87778 6
 12.0000 6.26426 6
 12.5000 6.43203 6
 13.0000 6.35418 6
 13.5000 5.84818 6
 14.0000 5.81934 6
 14.5000 6.73731 6
 15.0000 7.16734 6
 15.5000 7.33769 6
 16.0000 7.33717 6
 16.5000 7.19327 6
 17.0000 6.89865 6
 17.5000 6.39812 6
 18.0000 5.49992 6
 18.5000 4.80936 5
 19.0000 5.96066 4
 19.5000 7.13028 4
 20.0000 8.32018 4
 20.5000 9.53348 4
 0.5000 3.79968 8
 1.0000 3.84775 8
 1.5000 3.70562 8
 2.0000 3.95123 7
 2.5000 4.98118 6
 3.0000 5.55722 6
 3.5000 5.82695 6
 4.0000 5.89980 6
 4.5000 5.78631 6
 5.0000 5.41291 6
 5.5000 4.52467 6
 6.0000 5.05175 6
 6.5000 5.50271 6
 7.0000 5.57753 6
 7.5000 5.37468 6
 8.0000 4.78339 6
 8.5000 3.76396 6
 9.0000 4.29788 6
 9.5000 4.89675 6
 10.0000 5.78975 6
 10.5000 5.98875 6
 11.0000 5.62387 5
 11.5000 7.47546 4
 12.0000 9.12326 4
 0.5000 3.77315 8
 1.0000 4.03451 7
 1.5000 4.56878 7
 2.0000 3.91681 7
 2.5000 3.92015 7
 3.0000 4.43128 7
 3.5000 4.86317 7
 4.0000 5.08332 7
 4.5000 5.36366 7
 5.0000 5.52050 7
 5.5000 5.62175 7
 6.0000 5.78891 7
 6.5000 5.79236 7
 7.0000 5.86330 7
 7.5000 5.93852 7
 8.0000 5.90241 3
 8.5000 8.20458 3
 0.5000 3.92755 8
 1.0000 3.84460 8
 1.5000 3.82467 8
 2.0000 3.95447 8
 2.5000 3.74103 8
 3.0000 3.97173 8
 3.5000 3.75024 8
 4.0000 3.94503 8
 4.5000 3.79637 8
 5.0000 3.90108 8
 5.5000 3.85664 8
 6.0000 3.83380 8
 6.5000 3.93087 8
 7.0000 3.77442 8
 7.5000 3.95067 8
 8.0000 3.79164 8
 8.5000 3.90609 8
 9.0000 3.84668 8
 9.5000 3.85638 8
 10.0000 3.89598 8
 10.5000 3.80444 8
 11.0000 3.94014 8
 11.5000 3.76550 8
 12.0000 3.95497 8
 12.5000 3.80464 8
 13.0000 3.88027 8
 13.5000 3.88675 8
 14.0000 3.80505 8
 14.5000 3.94085 8
 15.0000 3.75230 8
 15.5000 3.97241 8
 16.0000 3.72495 8
 16.5000 3.97622 8
 17.0000 3.77478 8
 17.5000 3.89799 8
 18.0000 3.89218 8
 18.5000 3.77789 8
 19.0000 4.47480 7
 19.5000 4.28819 7
 20.0000 3.64549 7
 20.5000 4.01881 8
 21.0000 3.68242 8
 21.5000 3.98465 8
 22.0000 3.78923 8
 22.5000 3.86538 8
 23.0000 3.93700 8
 23.5000 3.72257 8
 24.0000 4.01069 8
 24.5000 3.66078 8
 25.0000 4.02177 8
 25.5000 3.67073 8
 26.0000 4.00289 8
 26.5000 3.71785 8
 27.0000 3.96554 8
 27.5000 3.78160 8
 28.0000 3.91349 8
 28.5000 3.84987 8
 29.0000 3.84929 8
 29.5000 3.91480 8
 30.0000 3.77809 8
 30.5000 3.96864 8
 31.0000 3.72368 8
 31.5000 4.36988 7
 32.0000 4.44687 7
 32.5000 3.99901 7
 33.0000 4.04455 7
 33.5000 4.27665 7
 34.0000 4.37357 7
 34.5000 3.55686 7
 35.0000 4.38880 7
 35.5000 4.24944 7
 36.0000 4.67428 7
 36.5000 4.51122 7
 37.0000 4.06334 7
 37.5000 3.83287 7
 38.0000 4.50481 6
 38.5000 5.30188 6
 39.0000 5.60816 6
 39.5000 5.62594 6
 40.0000 5.32461 6
 40.5000 4.48556 6
 41.0000 5.23129 6
 41.5000 5.76169 6
 42.0000 5.95888 6
 42.5000 5.95178 6
 43.0000 5.75379 6
 43.5000 5.29402 6
 44.0000 4.26752 6
 44.5000 4.03574 6
 45.0000 4.64415 6
 45.5000 5.52730 6
 46.0000 6.41009 5
 46.5000 7.07253 5
 47.0000 7.53435 5
 47.5000 7.94262 5
 48.0000 8.35265 5
 48.5000 8.77747 5
 49.0000 9.21775 5
 49.5000 9.67174 5
 0.5000 -nan 9
 1.0000 -nan 9
 1.5000 -nan 9
 2.0000 -nan 9
 2.5000 -nan 9
 3.0000 -nan 9
 3.5000 -nan 9
 4.0000 -nan 9
 4.5000 -nan 9
 5.0000 -nan 9
 5.5000 -nan 9
 6.0000 -nan 9
 6.5000 -nan 9
 7.0000 -nan 9
 7.5000 -nan 9
 8.0000 -nan 9
 8.5000 -nan 9
 9.0000 -nan 9
 9.5000 -nan 9
 10.0000 -nan 9
 10.5000 -nan 9
 11.0000 -nan 9
 11.5000 -nan 9
 12.0000 -nan 9
 12.5000 -nan 9
 13.0000 -nan 9
 13.5000 -nan 9
 14.0000 -nan 9
 14.5000 -nan 9
 15.0000 -nan 9
 15.5000 -nan 9
 16.0000 -nan 9
 16.5000 -nan 9
 17.0000 -nan 9
 17.5000 -nan 9
 18.0000 -nan 9
 18.5000 -nan 9
 19.0000 -nan 9
 19.5000 -nan 9
 20.0000 -nan 9
 20.5000 -nan 9
 21.0000 -nan 9
 21.5000 -nan 9
 22.0000 -nan 9
 22.5000 -nan 9
 23.0000 -nan 9
 23.5000 -nan 9
 24.0000 -nan 9
 24.5000 -nan 9
 25.0000 -nan 9
 25.5000 -nan 9
 26.0000 -nan 9
 26.5000 -nan 9
 27.0000 -nan 9
 27.5000 -nan 9
 28.0000 -nan 9
 28.5000 -nan 9
 29.0000 -nan 9
 29.5000 -nan 9
 30.0000 -nan 9
 30.5000 -nan 9
 31.0000 -nan 9
 31.5000 -nan 9
 32.0000 -nan 9
 32.5000 -nan 9
 33.0000 -nan 9
 33.5000 -nan 9
 34.0000 -nan 9
 34.5000 -nan 9
 35.0000 -nan 9
 35.5000 -nan 9
 36.0000 -nan 9
 36.5000 -nan 9
 37.0000 -nan 9
 37.5000 -nan 9
 38.0000 -nan 9
 38.5000 -nan 9
 39.0000 -nan 9
 39.5000 -nan 9
 40.0000 -nan 9
 40.5000 -nan 9
 41.0000 -nan 9
 41.5000 -nan 9
 42.0000 -nan 9
 42.5000 -nan 9
 43.0000 -nan 9
 43.5000 -nan 9
 44.0000 -nan 9
 44.5000 -nan 9
 45.0000 -nan 9
 45.5000 -nan 9
 46.0000 -nan 9
 46.5000 -nan 9
 47.0000 -nan 9
 47.5000 -nan 9
 48.0000 -nan 9
 48.5000 -nan 9
 49.0000 -nan 9
 49.5000 -nan 9
 50.0000 -nan 9
 50.5000 -nan 9
 51.0000 -nan 9
 51.5000 -nan 9
 52.0000 -nan 9
 52.5000 -nan 9
 53.0000 -nan 9
 53.5000 -nan 9
 54.0000 -nan 9
 54.5000 -nan 9
 55.0000 -nan 9
 55.5000 -nan 9
 56.0000 -nan 9
 56.5000 -nan 9
 57.0000 -nan 9
 57.5000 -nan 9
 58.0000 -nan 9
 58.5000 -nan 9
 59.0000 -nan 9
 59.5000 -nan 9
 60.0000 -nan 9
 60.5000 -nan 9
 61.0000 -nan 9
 61.5000 -nan 9
 62.0000 -nan 9
 62.5000 -nan 9
 63.0000 -nan 9
 63.5000 -nan 9
 64.0000 -nan 9
 64.5000 -nan 9
 65.0000 -nan 9
 65.5000 -nan 9
 66.0000 -nan 9
 66.5000 -nan 9
 67.0000 -nan 9
 67.5000 -nan 9
 68.0000 -nan 9
 68.5000 -nan 9
 69.0000 -nan 9
 69.5000 -nan 9
 70.0000 -nan 9
 70.5000 -nan 9
 71.0000 -nan 9
 71.5000 -nan 9
 72.0000 -nan 9
 72.5000 -nan 9
 73.0000 -nan 9
 73.5000 -nan 9
 74.0000 -nan 9
 74.5000 -nan 9
 75.0000 -nan 9
 75.5000 -nan 9
 76.0000 -nan 9
 76.5000 -nan 9
 77.0000 -nan 9
 77.5000 -nan 9
 78.0000 -nan 9
 78.5000 -nan 9
 79.0000 -nan 9
 79.5000 -nan 9
 80.0000 -nan 9
 80.5000 -nan 9
 81.0000 -nan 9
 81.5000 -nan 9
 82.0000 -nan 9
 82.5000 -nan 9
 83.0000 -nan 9
 83.5000 -nan 9
 84.0000 -nan 9
 84.5000 -nan 9
 85.0000 -nan 9
 85.5000 -nan 9
 86.0000 -nan 9
 86.5000 -nan 9
 87.0000 -nan 9
 87.5000 -nan 9
 88.0000 -nan 9
 88.5000 -nan 9
 89.0000 -nan 9
 89.5000 -nan 9
 90.0000 -nan 9
 90.5000 -nan 9
 91.0000 -nan 9
 91.5000 -nan 9
 92.0000 -nan 9
 92.5000 -nan 9
 93.0000 -nan 9
 93.5000 -nan 9
 94.0000 -nan 9
 94.5000 -nan 9
 95.0000 -nan 9
 95.5000 -nan 9
 96.0000 -nan 9
 96.5000 -nan 9
 97.0000 -nan 9
 97.5000 -nan 9
 98.0000 -nan 9
 98.5000 -nan 9
 99.0000 -nan 9
 99.5000 -nan 9
 100.0000 -nan 9
 100.5000 -nan 9
 101.0000 -nan 9
 101.5000 -nan 9
 102.0000 -nan 9
 102.5000 -nan 9
 103.0000 -nan 9
 103.5000 -nan 9
 104.0000 -nan 9
 104.5000 -nan 9
 105.0000 -nan 9
 105.5000 -nan 9
 106.0000 -nan 9
 106.5000 -nan 9
 107.0000 -nan 9
 107.5000 -nan 9
 108.0000 -nan 9
 108.5000 -nan 9
 109.0000 -nan 9
 109.5000 -nan 9
 110.0000 -nan 9
 110.5000 -nan 9
 111.0000 -nan 9
 111.5000 -nan 9
 112.0000 -nan 9
 112.5000 -nan 9
 113.0000 -nan 9
 113.5000 -nan 9
 114.0000 -nan 9
 114.5000 -nan 9
 115.0000 -nan 9
 115.5000 -nan 9
 116.0000 -nan 9
 116.5000 -nan 9
 117.0000 -nan 9
 117.5000 -nan 9
 118.0000 -nan 9
 118.5000 -nan 9
 119.0000 -nan 9
 119.5000 -nan 9
 120.0000 -nan 9
 120.5000 -nan 9
 121.0000 -nan 9
 121.5000 -nan 9
 122.0000 -nan 9
 122.5000 -nan 9
 123.0000 -nan 9
 123.5000 -nan 9
 124.0000 -nan 9
 124.5000 -nan 9
 125.0000 -nan 9
 125.5000 -nan 9
 126.0000 -nan 9
 126.5000 -nan 9
 127.0000 -na 0.5000 3.72790 9
 1.0000 3.93930 9
 1.5000 3.82534 9
 2.0000 3.84520 9
 2.5000 3.92579 9
 3.0000 3.74231 9
 3.5000 3.98962 9
 4.0000 3.73229 8
 4.5000 4.47799 8
 5.0000 4.29549 8
 5.5000 4.67803 8
 6.0000 4.41260 8
 6.5000 4.02497 8
 7.0000 3.69909 7
 7.5000 4.77442 7
 8.0000 4.89497 7
 8.5000 4.92781 7
 9.0000 5.91235 7
 9.5000 6.28086 7
 10.0000 6.11983 7
 10.5000 5.45004 7
 11.0000 6.41400 6
 11.5000 7.41360 6
 12.0000 8.30956 6
 12.5000 9.19668 6
 12.9513 10.00014 6
 0.5000 3.72790 9
 1.0000 3.93930 9
 1.5000 3.82534 9
 2.0000 3.84520 9
 2.5000 3.92579 9
 3.0000 3.74231 9
 3.5000 3.98962 9
 4.0000 3.70571 9
 4.5000 4.37507 8
 5.0000 4.37936 8
 5.5000 4.08244 8
 6.0000 4.02009 8
 6.5000 4.18054 8
 7.0000 4.18003 8
 7.5000 4.02156 8
 8.0000 4.08174 8
 8.5000 4.37819 8
 9.0000 4.37195 8
 9.5000 3.52162 8
 10.0000 4.82959 7
 10.5000 5.38621 7
 11.0000 5.44185 7
 11.5000 4.92087 7
 12.0000 5.43550 7
 12.5000 6.16851 7
 13.0000 6.44010 7
 13.5000 6.36493 7
 14.0000 5.81630 7
 14.5000 5.56402 7
 15.0000 6.46815 7
 15.5000 6.82147 7
 16.0000 6.80970 7
 16.5000 6.43561 7
 17.0000 5.26160 6
 17.5000 5.97487 5
 18.0000 7.24538 5
 18.5000 8.48097 5
 19.0000 9.73242 5
 19.1063 10.00024 5
