 2.000000000000000 -0.000017189231813 
 2.006666666666667 -0.000014840899642 
 2.013333333333334 -0.000012716440249 
 2.020000000000000 -0.000010804659997 
 2.026666666666667 -0.000009094365246 
 2.033333333333334 -0.000007574362356 
 2.040000000000001 -0.000006233457691 
 2.046666666666668 -0.000005060457609 
 2.053333333333335 -0.000004044168472 
 2.060000000000001 -0.000003173396642 
 2.066666666666668 -0.000002436948480 
 2.073333333333335 -0.000001823630346 
 2.080000000000002 -0.000001322248601 
 2.086666666666669 -0.000000921609607 
 2.093333333333335 -0.000000610519724 
 2.100000000000002 -0.000000377785315 
 2.106666666666669 -0.000000212212738 
 2.113333333333336 -0.000000102608357 
 2.120000000000003 -0.000000037778531 
 2.126666666666670 -0.000000006529623 
 2.133333333333336 0.000000002332008 
 2.140000000000003 -0.000000000000000 
 2.146666666666670 -0.000000002332008 
 2.153333333333337 0.000000005130418 
 2.160000000000004 -0.000000000000000 
 2.166666666666671 -0.000000027517696 
 2.173333333333337 0.000000069493842 
 2.180000000000004 -0.000000000000000 
 2.186666666666671 -0.000000679212029 
 2.193333333333338 -0.000001180364781 
 2.200000000000005 -0.000002000000000 
 2.206666666666671 -0.000005111080336 
 2.213333333333338 -0.000012113119288 
 2.220000000000005 -0.000027000000000 
 2.226666666666672 -0.000058246283047 
 2.233333333333339 -0.000122810712660 
 2.240000000000006 -0.000253000000000 
 2.246666666666672 -0.000505040586019 
 2.253333333333339 -0.000980570191287 
 2.260000000000006 -0.001855000000001 
 2.266666666666673 -0.003408321921221 
 2.273333333333340 -0.006097357150540 
 2.280000000000006 -0.010622000000006 
 2.286666666666673 -0.017988540385138 
 2.293333333333340 -0.029647022508835 
 2.300000000000007 -0.047529000000023 
 2.306666666666674 -0.074062947174323 
 2.313333333333341 -0.112177698713738 
 2.320000000000007 -0.165008000000069 
 2.326666666666674 -0.235591534869833 
 2.333333333333341 -0.326172352075534 
 2.340000000000008 -0.437300000000145 
 2.346666666666675 -0.567087170631896 
 2.353333333333341 -0.709729934046027 
 2.360000000000008 -0.855053000000180 
 2.366666666666675 -0.988371705826511 
 2.373333333333342 -1.090565724566567 
 2.380000000000009 -1.140699000000022 
 2.386666666666676 -1.118309044270517 
 2.393333333333342 -1.008178617291860 
 2.400000000000009 -0.804915999999652 
 2.406666666666676 -0.515890136183823 
 2.413333333333343 -0.165951361966496 
 2.420000000000010 0.205243000000535 
 2.426666666666677 0.546339730283800 
 2.433333333333343 0.801728142346686 
 2.440000000000010 0.924078000000066 
 2.446666666666677 0.882693619410221 
 2.453333333333344 0.677575651112461 
 2.460000000000011 0.340742999999386 
 2.466666666666677 -0.065668095575333 
 2.473333333333344 -0.457044434173805 
 2.480000000000011 -0.748200000000357 
 2.486666666666678 -0.868110364863267 
 2.493333333333345 -0.784901173982298 
 2.500000000000012 -0.513171999999395 
 2.506666666666678 -0.113985938435669 
 2.513333333333345 0.312761072491474 
 2.520000000000012 0.659361000000488 
 2.526666666666679 0.830936448975449 
 2.533333333333346 0.779986855519383 
 2.540000000000012 0.516881999999346 
 2.546666666666679 0.109712964830992 
 2.553333333333346 -0.326905798919601 
 2.560000000000013 -0.671596000000502 
 2.566666666666680 -0.821590163551873 
 2.573333333333347 -0.733409040382551 
 2.580000000000013 -0.430424999999230 
 2.586666666666680 0.000899893591923 
 2.593333333333347 0.430658307632210 
 2.600000000000014 0.732385000000413 
 2.606666666666681 0.810963896047864 
 2.613333333333347 0.644087347222138 
 2.620000000000014 0.280648999999088 
 2.626666666666681 -0.169497126698283 
 2.633333333333348 -0.566433483550888 
 2.640000000000015 -0.790102000000233 
 2.646666666666682 -0.767442743884019 
 2.653333333333348 -0.508338413220548 
 2.660000000000015 -0.091234999998972 
 2.666666666666682 0.354413601206217 
 2.673333333333349 0.689341661414679 
 2.680000000000016 0.811752999999989 
 2.686666666666683 0.680294679275976 
 2.693333333333349 0.339482598943906 
 2.700000000000016 -0.107126000001085 
 2.706666666666683 -0.520397832074902 
 2.713333333333350 -0.773041979889504 
 2.720000000000017 -0.789339999999726 
 2.726666666666683 -0.561787550534558 
 2.733333333333350 -0.164088280354904 
 2.740000000000017 0.284609000001078 
 2.746666666666684 0.646374754208975 
 2.753333333333351 0.813132128978849 
 2.760000000000018 0.736521999999474 
 2.766666666666684 0.437915146486965 
 2.773333333333351 0.010341530501510 
 2.780000000000018 -0.421508000001059 
 2.786666666666685 -0.728419258932688 
 2.793333333333352 -0.822618479718279 
 2.800000000000018 -0.678375999999286 
 2.806666666666685 -0.336674178943689 
 2.813333333333352 0.100491753441453 
 2.820000000000019 0.510264000001011 
 2.826666666666686 0.774647568519768 
 2.833333333333353 0.821935324177253 
 2.840000000000019 0.640615999999169 
 2.846666666666686 0.280791397472944 
 2.853333333333353 -0.155114437179170 
 2.860000000000020 -0.549989000001003 
 2.866666666666687 -0.795451300177742 
 2.873333333333354 -0.828570592815769 
 2.880000000000020 -0.642352999999131 
 2.886666666666687 -0.286096674029135 
 2.893333333333354 0.143843026643792 
 2.900000000000021 0.537739000001060 
 2.906666666666688 0.793358456344919 
 2.913333333333354 0.848599928773314 
 2.920000000000021 0.691594999999188 
 2.926666666666688 0.361863507295237 
 2.933333333333355 -0.055993764555701 
 2.940000000000022 -0.461164000001186 
 2.946666666666689 -0.754828131972153 
 2.953333333333355 -0.869221114015491 
 2.960000000000022 -0.779567999999373 
 2.966666666666689 -0.507375762303078 
 2.973333333333356 -0.119091683512558 
 2.980000000000023 0.297014000001349 
 2.986666666666689 0.646022644898569 
 2.993333333333356 0.851576248524103 
 3.000000000000023 0.870672999999726 
 3.006666666666690 0.699752087165825 
 3.013333333333357 0.379395940622386 
 3.020000000000024 -0.021779000001458 
 3.026666666666690 -0.418465980120366 
 3.033333333333357 -0.728703042755631 
 3.040000000000024 -0.891036000000268 
 3.046666666666691 -0.873145031055338 
 3.053333333333358 -0.682293946596658 
 3.060000000000024 -0.357528999998639 
 3.066666666666691 0.036807397192135 
 3.073333333333358 0.423930123722516 
 3.080000000000025 0.731909000000921 
 3.086666666666692 0.903458332465733 
 3.093333333333359 0.909968641656779 
 3.100000000000025 0.752420999999120 
 3.106666666666692 0.460377183249405 
 3.113333333333359 0.087907896513406 
 3.120000000000026 -0.300223000001440 
 3.126666666666693 -0.637111692882334 
 3.133333333333360 -0.867269571930318 
 3.140000000000026 -0.954541000000036 
 3.146666666666693 -0.885880957660949 
 3.153333333333360 -0.675594347973757 
 3.160000000000027 -0.358578999998585 
 3.166666666666694 0.014408655991814 
 3.173333333333360 0.385130144727772 
 3.180000000000027 0.698374000001088 
 3.186666666666694 0.907975141525901 
 3.193333333333361 0.985631781551123 
 3.200000000000028 0.922362999999456 
 3.206666666666695 0.728774880918417 
 3.213333333333361 0.434504537728308 
 3.220000000000028 0.080874999998459 
 3.226666666666695 -0.283689216061731 
 3.233333333333362 -0.611020438521723 
 3.240000000000029 -0.859802000000844 
 3.246666666666695 -0.999259053911169 
 3.253333333333362 -1.014447491830851 
 3.260000000000029 -0.905656999999266 
 3.266666666666696 -0.687787834986523 
 3.273333333333363 -0.388978002668528 
 3.280000000000030 -0.044981999998424 
 3.286666666666696 0.304210475195937 
 3.293333333333363 0.619620417415620 
 3.300000000000030 0.867675000000928 
 3.306666666666697 1.022709080302695 
 3.313333333333364 1.070638364989181 
 3.320000000000030 1.008619999999471 
 3.326666666666697 0.844780352739479 
 3.333333333333364 0.597701581322322 
 3.340000000000031 0.292768999998489 
 3.346666666666698 -0.039973475271002 
 3.353333333333365 -0.369070411645214 
 3.360000000000031 -0.664961000001278 
 3.366666666666698 -0.901900080587559 
 3.373333333333365 -1.060852936928983 
 3.380000000000032 -1.130118000000107 
 3.386666666666699 -1.105713689979782 
 3.393333333333366 -0.992019297946240 
 3.400000000000032 -0.799986999998901 
 3.406666666666699 -0.546150393948479 
 3.413333333333366 -0.251224049142735 
 3.420000000000033 0.062272000001553 
 3.426666666666700 0.371368174683979 
 3.433333333333366 0.654646684003014 
 3.440000000000033 0.893573000001056 
 3.446666666666700 1.073300617283364 
 3.453333333333367 1.183946217761141 
 3.460000000000034 1.220405999999994 
 3.466666666666701 1.182321800607287 
 3.473333333333367 1.074164290574318 
 3.480000000000034 0.904084999998987 
 3.486666666666701 0.683320517149292 
 3.493333333333368 0.425419813251283 
 3.500000000000035 0.145016999998511 
 3.506666666666701 -0.142851116057290 
 3.513333333333368 -0.423724756890800 
 3.520000000000035 -0.684413000001298 
 3.526666666666702 -0.913416216006710 
 3.533333333333369 -1.101604483778734 
 3.540000000000036 -1.242235000000614 
 3.546666666666702 -1.331018130245118 
 3.553333333333369 -1.366318016000613 
 3.560000000000036 -1.348712999999766 
 3.566666666666703 -1.280803088902377 
 3.573333333333370 -1.167029147636742 
 3.580000000000036 -1.013108999999061 
 3.586666666666703 -0.825753781061052 
 3.593333333333370 -0.612314421293257 
 3.600000000000037 -0.380350999998680 
 3.606666666666704 -0.137396142262335 
 3.613333333333371 0.109381397664075 
 3.620000000000037 0.353373000001346 
 3.626666666666704 0.588656159741928 
 3.633333333333371 0.810207951536405 
 3.640000000000038 1.013890000001096 
 3.646666666666705 1.196466860115055 
 3.653333333333372 1.355681960867938 
 3.660000000000038 1.490116000000697 
 3.666666666666705 1.599135178153317 
 3.673333333333372 1.682865722826766 
 3.680000000000039 1.742014000000274 
 3.686666666666706 1.777790078469171 
 3.693333333333372 1.791839677220381 
 3.700000000000039 1.786088999999913 
 3.706666666666706 1.762670698191214 
 3.713333333333373 1.723839721221352 
 3.720000000000040 1.671884999999657 
 3.726666666666707 1.609080177691656 
 3.733333333333373 1.537612012474508 
 3.740000000000040 1.459545999999516 
 3.746666666666707 1.376802641348776 
 3.753333333333374 1.291114268242085 
 3.760000000000041 1.204027999999465 
 3.766666666666707 1.116901578975195 
 3.773333333333374 1.030886372550727 
 3.780000000000041 0.946948999999488 
 3.786666666666708 0.865878538384472 
 3.793333333333375 0.788288021548494 
 3.800000000000042 0.714642999999552 
 3.806666666666708 0.645272958413345 
 3.813333333333375 0.580379892096823 
 3.820000000000042 0.520065999999633 
 3.826666666666709 0.464345286814826 
 3.833333333333376 0.413153652996932 
 3.840000000000042 0.366370999999715 
 3.846666666666709 0.323830908850124 
 3.853333333333376 0.285329916530614 
 3.860000000000043 0.250639999999788 
 3.866666666666710 0.219515733386303 
 3.873333333333377 0.191704808064089 
 3.880000000000043 0.166950999999848 
 3.886666666666710 0.144998173375205 
 3.893333333333377 0.125600248220516 
 3.900000000000044 0.108518999999894 
 3.906666666666711 0.093525545720020 
 3.913333333333378 0.080407518876409 
 3.920000000000044 0.068965999999929 
 3.926666666666711 0.059015429669137 
 3.933333333333378 0.050386645679805 
 3.940000000000045 0.042924999999953 
 3.946666666666712 0.036489728907882 
 3.953333333333378 0.030953965085943 
 3.960000000000045 0.026203999999970 
 3.966666666666712 0.022138552819463 
 3.973333333333379 0.018667198857140 
 3.980000000000046 0.015709999999981 
 3.986666666666713 0.013196788342676 
 3.993333333333379 0.011065226321678 
