 2.000000000000000 -0.000007516812454 
 2.006666666666667 -0.000006489892071 
 2.013333333333334 -0.000005560870752 
 2.020000000000000 -0.000004724853543 
 2.026666666666667 -0.000003976945490 
 2.033333333333334 -0.000003312251642 
 2.040000000000001 -0.000002725877044 
 2.046666666666668 -0.000002212926743 
 2.053333333333335 -0.000001768505787 
 2.060000000000001 -0.000001387719222 
 2.066666666666668 -0.000001065672095 
 2.073333333333335 -0.000000797469453 
 2.080000000000002 -0.000000578216343 
 2.086666666666669 -0.000000403017811 
 2.093333333333335 -0.000000266978904 
 2.100000000000002 -0.000000165204669 
 2.106666666666669 -0.000000092800154 
 2.113333333333336 -0.000000044870404 
 2.120000000000003 -0.000000016520467 
 2.126666666666670 -0.000000002855389 
 2.133333333333336 0.000000001019782 
 2.140000000000003 -0.000000000000000 
 2.146666666666670 -0.000000001019782 
 2.153333333333337 0.000000002243520 
 2.160000000000004 -0.000000000000000 
 2.166666666666671 -0.000000012033427 
 2.173333333333337 0.000000030389501 
 2.180000000000004 -0.000000000000000 
 2.186666666666671 -0.000000167448190 
 2.193333333333338 0.000000497283566 
 2.200000000000005 0.000002000000000 
 2.206666666666671 0.000003964055069 
 2.213333333333338 0.000009376024874 
 2.220000000000005 0.000022000000000 
 2.226666666666672 0.000047441996940 
 2.233333333333339 0.000099470768377 
 2.240000000000006 0.000205000000000 
 2.246666666666672 0.000411001679868 
 2.253333333333339 0.000802622139808 
 2.260000000000006 0.001528000000001 
 2.266666666666673 0.002825544484176 
 2.273333333333340 0.005088313263003 
 2.280000000000006 0.008926000000005 
 2.286666666666673 0.015225250728217 
 2.293333333333340 0.025282133912581 
 2.300000000000007 0.040854000000020 
 2.306666666666674 0.064192336081151 
 2.313333333333341 0.098089524475954 
 2.320000000000007 0.145649000000063 
 2.326666666666674 0.210043417370533 
 2.333333333333341 0.293950282824351 
 2.340000000000008 0.398719000000138 
 2.346666666666675 0.523664951549792 
 2.353333333333341 0.664632990619217 
 2.360000000000008 0.813342000000188 
 2.366666666666675 0.957039570991234 
 2.373333333333342 1.078102326583161 
 2.380000000000009 1.156087000000065 
 2.386666666666676 1.169612523806696 
 2.393333333333342 1.100406581543214 
 2.400000000000009 0.937988999999706 
 2.406666666666676 0.682870614154558 
 2.413333333333343 0.352047852060699 
 2.420000000000010 -0.021850000000558 
 2.426666666666677 -0.392321888600620 
 2.433333333333343 -0.703946097131266 
 2.440000000000010 -0.904044000000197 
 2.446666666666677 -0.950910499000836 
 2.453333333333344 -0.828422323004276 
 2.460000000000011 -0.551171999999454 
 2.466666666666677 -0.165454652967221 
 2.473333333333344 0.252967760252328 
 2.480000000000011 0.617803000000513 
 2.486666666666678 0.845943394487788 
 2.493333333333345 0.882272670231577 
 2.500000000000012 0.713459999999542 
 2.506666666666678 0.372863435052160 
 2.513333333333345 -0.057918377008731 
 2.520000000000012 -0.474583000000668 
 2.526666666666679 -0.768870118562483 
 2.533333333333346 -0.862679577972346 
 2.540000000000012 -0.728561999999547 
 2.546666666666679 -0.396933983810505 
 2.553333333333346 0.041719211321377 
 2.560000000000013 0.469558000000732 
 2.566666666666680 0.764846900760167 
 2.573333333333347 0.843715906829627 
 2.580000000000013 0.682196999999454 
 2.586666666666680 0.322468038891735 
 2.593333333333347 -0.129544626816575 
 2.600000000000014 -0.544695000000725 
 2.606666666666681 -0.798054319226521 
 2.613333333333347 -0.815342645211269 
 2.620000000000014 -0.590515999999297 
 2.626666666666681 -0.187750915466106 
 2.633333333333348 0.269944890151867 
 2.640000000000015 0.647746000000646 
 2.646666666666682 0.828578947131480 
 2.653333333333348 0.759751403619920 
 2.660000000000015 0.461395999999122 
 2.666666666666682 0.022211582712291 
 2.673333333333349 -0.422489128355694 
 2.680000000000016 -0.740743000000503 
 2.686666666666683 -0.833039937292250 
 2.693333333333349 -0.674519533919596 
 2.700000000000016 -0.312402999998968 
 2.706666666666683 0.144595628528430 
 2.713333333333350 0.557206134953513 
 2.720000000000017 0.804276000000326 
 2.726666666666683 0.809086995933606 
 2.733333333333350 0.574062238071396 
 2.740000000000017 0.168364999998855 
 2.746666666666684 -0.287518203972201 
 2.753333333333351 -0.658161764904849 
 2.760000000000018 -0.837418000000157 
 2.766666666666684 -0.770744221898894 
 2.773333333333351 -0.481799946728575 
 2.780000000000018 -0.053407999998751 
 2.786666666666685 0.390460615899344 
 2.793333333333352 0.722692325505255 
 2.800000000000018 0.851563000000023 
 2.806666666666685 0.739167844473924 
 2.813333333333352 0.421423948237293 
 2.820000000000019 -0.013837000001299 
 2.826666666666686 -0.445325867329758 
 2.833333333333353 -0.754885124241518 
 2.840000000000019 -0.860866999999967 
 2.846666666666686 -0.733666950037796 
 2.853333333333353 -0.411755539461689 
 2.860000000000020 0.019699000001343 
 2.866666666666687 0.446027085309632 
 2.873333333333354 0.756233053243035 
 2.880000000000020 0.872641000000013 
 2.886666666666687 0.764854885097200 
 2.893333333333354 0.464579173743789 
 2.900000000000021 0.047458999998620 
 2.906666666666688 -0.381585805051003 
 2.913333333333354 -0.716766583776841 
 2.920000000000021 -0.878740000000184 
 2.926666666666688 -0.828113674312403 
 2.933333333333355 -0.581197124386117 
 2.940000000000022 -0.197138999998618 
 2.946666666666689 0.233177031337311 
 2.953333333333355 0.609544064578768 
 2.960000000000022 0.848039000000492 
 2.966666666666689 0.894597335238100 
 2.973333333333356 0.742725880326352 
 2.980000000000023 0.427464999998725 
 2.986666666666689 0.018746699035501 
 2.993333333333356 -0.393653110368984 
 3.000000000000023 -0.723416000000909 
 3.006666666666690 -0.900978030202804 
 3.013333333333357 -0.892687832881634 
 3.020000000000024 -0.702373999999045 
 3.026666666666690 -0.369775603351992 
 3.033333333333357 0.035943190761923 
 3.040000000000024 0.435253000001326 
 3.046666666666691 0.749981101774891 
 3.053333333333358 0.921697762787515 
 3.060000000000024 0.920237999999669 
 3.066666666666691 0.747052583743667 
 3.073333333333358 0.437478858629316 
 3.080000000000025 0.048571999998489 
 3.086666666666692 -0.349109336758503 
 3.093333333333359 -0.685573519736808 
 3.100000000000025 -0.904140000000551 
 3.106666666666692 -0.968221150195418 
 3.113333333333359 -0.870336320115286 
 3.120000000000026 -0.628772999998837 
 3.126666666666693 -0.284531543756055 
 3.133333333333360 0.105063704780468 
 3.140000000000026 0.478574000001356 
 3.146666666666693 0.777713019072521 
 3.153333333333360 0.958434779613975 
 3.160000000000027 0.995678999999849 
 3.166666666666694 0.885482773721371 
 3.173333333333360 0.647060135735211 
 3.180000000000027 0.316156999998531 
 3.186666666666694 -0.059312964741537 
 3.193333333333361 -0.426597805231318 
 3.200000000000028 -0.736502000001100 
 3.206666666666695 -0.948181650452735 
 3.213333333333361 -1.036167779325275 
 3.220000000000028 -0.991364999999538 
 3.226666666666695 -0.821279919366217 
 3.233333333333362 -0.549796142358384 
 3.240000000000029 -0.211411999998473 
 3.246666666666695 0.152295964498371 
 3.253333333333362 0.498263934438765 
 3.260000000000029 0.787467000001096 
 3.266666666666696 0.988075348249139 
 3.273333333333363 1.080097965223593 
 3.280000000000030 1.055751999999634 
 3.286666666666696 0.919557059129259 
 3.293333333333363 0.688297282393387 
 3.300000000000030 0.387162999998524 
 3.306666666666697 0.047460442534189 
 3.313333333333364 -0.296892604293093 
 3.320000000000030 -0.613278000001343 
 3.326666666666697 -0.872640196963766 
 3.333333333333364 -1.052875260995688 
 3.340000000000031 -1.139788000000175 
 3.346666666666698 -1.127651237050861 
 3.353333333333365 -1.020070086675694 
 3.360000000000031 -0.828073999998918 
 3.366666666666698 -0.569043936566725 
 3.373333333333365 -0.265172582102786 
 3.380000000000032 0.059225000001565 
 3.386666666666699 0.379247865840350 
 3.393333333333366 0.671678011291612 
 3.400000000000032 0.916502000001047 
 3.406666666666699 1.097820206461015 
 3.413333333333366 1.205269740168899 
 3.420000000000033 1.233797999999944 
 3.426666666666700 1.183601950530896 
 3.433333333333366 1.060168758476267 
 3.440000000000033 0.872954999998926 
 3.446666666666700 0.634692471347360 
 3.453333333333367 0.360471174804952 
 3.460000000000034 0.066365999998489 
 3.466666666666701 -0.231329055355403 
 3.473333333333367 -0.517203792670445 
 3.480000000000034 -0.777453000001248 
 3.486666666666701 -1.000318875934105 
 3.493333333333368 -1.176805198099759 
 3.500000000000035 -1.300625000000499 
 3.506666666666701 -1.368230800301905 
 3.513333333333368 -1.378969610346266 
 3.520000000000035 -1.334541999999627 
 3.526666666666702 -1.238754143104906 
 3.533333333333369 -1.097259309712110 
 3.540000000000036 -0.916923999998949 
 3.546666666666702 -0.705502943915424 
 3.553333333333369 -0.471221688596927 
 3.560000000000036 -0.222331999998632 
 3.566666666666703 0.033137743088925 
 3.573333333333370 0.287747224894574 
 3.580000000000036 0.534808000001318 
 3.586666666666703 0.768498161958114 
 3.593333333333370 0.984071837104136 
 3.600000000000037 1.177795000001005 
 3.606666666666704 1.346940339124370 
 3.613333333333371 1.489836679734722 
 3.620000000000037 1.605689000000572 
 3.626666666666704 1.694505363550326 
 3.633333333333371 1.757041012506573 
 3.640000000000038 1.794601000000145 
 3.646666666666705 1.808949491315861 
 3.653333333333372 1.802213273131755 
 3.660000000000038 1.776730999999805 
 3.666666666666705 1.734977959316053 
 3.673333333333372 1.679472663191096 
 3.680000000000039 1.612692999999585 
 3.686666666666706 1.537030679853143 
 3.693333333333372 1.454726752288728 
 3.700000000000039 1.367844999999481 
 3.706666666666706 1.278253706781773 
 3.713333333333373 1.187592757746069 
 3.720000000000040 1.097286999999468 
 3.726666666666707 1.008546918801875 
 3.733333333333373 0.922357485792391 
 3.740000000000040 0.839512999999515 
 3.746666666666707 0.760628489784143 
 3.753333333333374 0.686141747057241 
 3.760000000000041 0.616348999999587 
 3.766666666666707 0.551419864107624 
 3.773333333333374 0.491409861903163 
 3.780000000000041 0.436286999999673 
 3.786666666666708 0.385944200319788 
 3.793333333333375 0.340213171443137 
 3.800000000000042 0.298883999999754 
 3.806666666666708 0.261714014447049 
 3.813333333333375 0.228437167933613 
 3.820000000000042 0.198775999999823 
 3.826666666666709 0.172447520460049 
 3.833333333333376 0.149170364814988 
 3.840000000000042 0.128669999999877 
 3.846666666666709 0.110681420143648 
 3.853333333333376 0.094952791329722 
 3.860000000000043 0.081246999999917 
 3.866666666666710 0.069342694885628 
 3.873333333333377 0.059036121209638 
 3.880000000000043 0.050139999999946 
 3.886666666666710 0.042483567515248 
 3.893333333333377 0.035913757457796 
 3.900000000000044 0.030291999999966 
 3.906666666666711 0.025493731809876 
 3.913333333333378 0.021409927644421 
 3.920000000000044 0.017942999999979 
 3.926666666666711 0.015006122267802 
 3.933333333333378 0.012525081416245 
 3.940000000000045 0.010433999999987 
 3.946666666666712 0.008674646606228 
 3.953333333333378 0.007198471442451 
 3.960000000000045 0.005962999999992 
 3.966666666666712 0.004930856145445 
 3.973333333333379 0.004070333592984 
 3.980000000000046 0.003353999999996 
 3.986666666666713 0.002758450541193 
 3.993333333333379 0.002264865526059 
